-0.0243396
16.8516
36.8771
-5.02233
26.7273
635.03
-4.03171
-31.0931
-237.213
-31.9562
-28.1818
-55.1278
45.8706
-21.1685
-484.805
17.5608
389.472
85.2681
25.0841
23.7558
2.86771
52.0392
20.9647
-5.36055
-116.946
-9.92453
-52.3798
6871.49
-155.596
19.342
40.3576
11.5963
6.0083
-59.7455
-35.0321
-65.2739
-37.7161
9.70346
-41.492
10.5683
12.8975
-3973.77
22.937
38.4036
8.02246
12.7728
-200.093
7.93616
39.2177
-10.6281
25.9696
137.965
14.2014
92.719
-45.0675
17.8274
159.499
4.302
44.5327
-1544.74
19.3589
-865.252
-31.7886
66.9967
16.592
238.117
-70.6394
-48.0685
-41.7873
444.242
8.7268
54.0572
9.25127
148.483
376.249
115.704
-25.2117
-72.6778
-1.84614
69.5838
-17.6387
14.2099
-31.1361
-17.7751
84.2441
-74.4315
57.3991
4.38215
-80.8752
-139.613
8634.25
-35.3943
14.6444
4.01062
44.3793
12.0571
28.5412
76.514
157.611
-92.5323
-61.4453
139.613
-168.858
-37.0054
-62.5441
-45.4287
9.34882
12.1988
5.43004
-19.0291
12.486
45.9044
19.1136
14.3742
-52.8153
-45.6115
20.5263
148.007
-3.36363
-13.1882
13.0807
613.309
72.2046
-9.69811
18.8615
-47.3924
-73.8169
-1.54175
159.207
-21.1214
-0.485884
-228.514
31.1343
-64.3053
-123.403
31.6907
20.6082
174.032
15.1988
-0.308796
12.0704
-58.1811
2.6263
83.3098
-18.0085
37.1615
-83.1612
27.5423
104.264
-48.0312
-15.6285
-59.22
7.84175
11.9685
458.431
-25.1568
339.894
-5.39745
-1.81166
52.4251
22.1828
55.7427
-57.2922
-46.379
-83.3807
9.74
-27.0825
-32.8488
28.3746
32.593
-3.70662
122.242
53.0042
0.0235146
-13.1121
0.353742
17.2176
1.1146
-86.333
-34.0344
-80.2881
-3.23877
3290.8
-318.591
247.521
-37.9239
-116.904
-46.365
-4.37339
2.23356
36.2893
-13.0352
41.1101
47.1262
41.5522
-5.61431
-15.5088
-29.3758
-248.491
101.452
23.6304
7.31614
38.6594
1.8668
28.394
79.1063
210.35
71.7766
157.774
11.6491
-21.0239
17.0983
36.8563
18.0853
-6.12995
-46.961
13.3979
30.9112
91.7855
68.8715
-34.8227
35.7662
-43.0962
-26923
11.7044
15.4408
-46.8008
-36.1097
-1.92085
-42.1825
-165.115
-47.0039
-4.23579
-94.1294
-26.3726
-8.34932
-54.9952
-50.3746
-119.671
-4.45834
16.8533
52.6175
-4.5754
10.7647
-76.2593
-4.09508
-1.3918
6.77884
-4097.65
-47.0365
-177.416
-107.008
-43.6638
254.482
-126.261
6.99238
-64.665
81.5214
24.971
0.210346
2198.53
20.5699
2.10186
-9.37497
-32.2239
170.409
113.436
-28.0195
151.45
20.5237
-121.403
13.2841
46.5658
729.462
-5.81164
-6.31634
7.06894
-81.3687
-647.003
-72.6435
13.0544
-61.1353
13.449
-57.564
33.0133
77.0451
-103.001
-50.835
-174.046
1.84058
19.6183
-0.831435
-127.286
-64.9344
-97.672
-625.923
50.9804
89.2135
-11.4476
-26.2008
-93.2513
2.33513
1.15594
-41.7165
33.1765
-32.6178
-0.00258061
-30.0392
634.268
-18.5529
-73.8815
-9.4865
5.38214
-32.1329
73.1902
3.48393
-25.4277
-16.8189
56.6954
7.88808
25.2372
15.5809
93.5058
-301.079
-20.1537
3.86436
11.6483
-124.631
-17.4428
22.4719
27.946
-0.289472
31.6646
-10.5823
-15.6605
43.1403
3.15591
-39.5871
20.89
-1063.33
2.03369
-49.7475
-19.9008
-20.7644
516.348
-253.339
-24.6837
52.9231
-41.4941
126.455
-18.3528
-5.17626
-172.4
-38.5518
74.6457
-59.6458
4.33434
15.9418
-11.2979
-35.9027
-3.63035
134.811
13.2101
155.49
289.997
103.362
35.6204
35.92
-4.3061
-21.1749
-2.97754
-0.0261263
-5.02628
29.7281
0.632024
171.027
-49.2855
2713.04
1.98296
-17.5184
10.6461
9.03885
-10.7788
174.958
-9.03285
-175.008
-28.2724
-19.632
-288.613
5.24896
5.13738
-9.83225
14.9204
549.761
6.4394
36.5345
-6.42441
-1304.69
-146.012
-21.6937
-60.8079
43.9117
4.53985
30.3729
-37.7171
-50.3676
-87.3668
15.0812
-22.4878
-52.4893
-14.7785
-20.3145
6.81909
6.58651
-10.751
-28.5205
6.73654
-15.0379
-25.5643
-45.7034
27.221
247.314
-6.07174
-52.6162
235.567
-11.033
-125.616
2.85187
-26.8949
56.8667
-84.054
24.4306
-61.846
-131.507
-21.4652
-3.56645
94.1077
-0.324845
-30.7741
183.48
88.3324
12.249
-291.764
-17.3147
-7.93689
-18.3054
174.86
33.4174
-52.8271
-26.979
-52.2258
-2414.3
-17.0925
-74.1298
223.56
-171.946
66.8981
-56.1039
-8.00091
35.3621
12.0104
-3.19967
-41.9979
167.38
-69.2091
68.3497
27.8529
41.3662
-38.5925
4.50787
1277.34
7.8288
12.0983
-0.650206
61.282
-27.3214
-9.32218
88.6298
-19.4196
58.4122
33.219
67.8598
-29.5666
-105.989
902.341
-49.4865
50.1131
-14.8202
-17.4404
16.4422
48.0735
-4.73475
9.26808
26.6199
-14.047
63.5599
-1.42953
3.02381
-17.9141
-567.561
901.218
-3.40963
-3.77727
-46.6814
-14.0263
214.801
51.608
5.6398
198.466
24.401
56.9226
-189.52
46.501
-10.4848
958.977
31.2468
-2.93108
-8.65079
25.9037
49.9464
37.8592
14.4075
9.6728
20.7109
43.6631
-12.824
84.2814
-23.4732
21.914
-1.27538
-11.5669
10.786
60.8902
-169.556
-43.936
-61.8187
65.4013
7.58854
21.9146
-36.974
-31.0836
-26.8471
29.153
-51.4591
-11.1223
67.4856
-301.616
-3357.63
45.5283
-74.0388
1.87834
-48.491
133.854
26.9272
-1.16743
43.137
1780.43
-30.2622
-10.6048
4.29709
129.542
25.9466
599.066
17.0675
8.69613
78.8407
2.25065
50.6308
-304.784
408.816
-12.1532
213.199
3539.96
88.6983
-11.2151
-32.7477
10.6856
90.3198
-16.178
-18.2288
-6.05019
29.18
-63.9155
1432.55
7.04799
-24.7962
3.99229
-40.9884
-5.67171
-41.1423
-25.3368
20.7681
0.652794
-16.1283
-7.77062
28.5437
20.4019
-32.952
17.0521
-0.913878
-1.61811
-55.7381
1.77143
-28.2435
62.5089
-1058.83
-32.1689
-138.449
38.44
109.685
-1.78768
66.9379
-533.567
-15.9798
-3.01445
31.7252
439.59
150.427
75.3547
22.2432
-186.302
31.0634
-189.036
-12.9287
28.3909
16.1395
24.5433
11.4739
-30.1856
16.2835
403.099
-209.248
-11.9894
1.61737
-220.818
46.6282
-23.4513
-12.79
-32.2519
8.95476
41.6753
-65.2889
-131.181
-37.9786
-61.5853
26.5284
-2.67468
-3.20147
39.1521
18.4211
45.0152
-1.4477
-137.472
-15.9484
14.6307
237.119
-85.0871
19.5882
55.7277
-86.3523
-16.7147
19.8671
2.86194
43.3749
12.458
34.1136
-12.5191
69.6315
-10.3521
100.885
-11.6735
-59.8272
27.6421
-330.583
39.6264
9.15914
-6.25806
12.0613
58.7331
6.41219
-62.6277
-43.4218
52.5675
71.9428
45.3239
-245.29
9.60114
1006.4
50.2704
-38.7446
-11.6931
85.8591
-14.7854
262.483
-352.09
1427.17
33.5546
-112.323
5.4645
-3.85344
-26.2121
4.05047
6095.38
4.97344
-153.205
-3.75523
-75.8986
-332.661
-41.7766
19.8635
-175.145
-52.1681
15.6114
-4.87236
19.9536
-116.066
-15.1643
10.4682
-48.6594
-22.371
-55.5387
0.881425
22.712
-65.6599
3.62305
-48.0327
-47.963
-50.1201
88.821
-53.9271
-67.3657
-3.58665
-0.687053
9.67937
6.49762
126.735
-5.0374
-39.0986
286.741
4.25389
-30.2687
-47.8116
23.4098
90.8619
-4.39706
2.73149
-6.13739
-15.652
-53.4663
-13.2166
-57.8149
200.852
42.751
59.8207
36.1812
27.4786
2.55114
-57.9471
-38.178
-75.8195
12.4749
200.787
-7.4689
11.97
96.2338
32.0052
-25.0023
-51.5215
2.53082
1101.44
-8.2009
-40.2121
-70.4152
-119.427
-69.8331
-33.94
-63.0738
261.993
-79.9305
30.8548
-20.57
26.2788
191.271
-12.5109
22.1983
-401.989
12.5944
-117.759
32.3282
22.9354
-179.064
-15.1205
-702.014
-162.074
-52.1574
-0.0966366
18.8112
11.5238
6.55016
-73.924
45.5094
-10.819
-20.877
134.048
-385.906
200.295
-68.8842
-141.296
-3.89902
-8.91522
-41.0474
73.7502
-46.0492
21.5222
-77.6172
107.962
-18.5675
-28.9666
-40.4577
66.0518
-19.0668
-29.7033
4.63273
-333.356
-78.0929
34.2322
-21.6753
27.3279
-9.35454
31.7067
20.5726
1.17024
-14.8827
-75.0754
-14.5963
14.1292
-12.6825
-38.9682
8.98638
1.95846
-24.4025
2.84368
-2071
7.86587
-25.8689
-12.6948
-11.8744
-11.4953
-12.7114
230.044
-9.50861
-197.831
5.33189
-101.85
-147.33
-25.4388
40.1056
3.87165
90.9357
36.796
-20.8436
-1333.59
-44.7
1789.44
208.657
119.139
3.71825
8.8382
86.5701
13.5879
-2.9642
-20.1579
49.2905
-3.59861
9.7769
10.0533
43.3362
52.0932
-14.3518
-415.884
-79.0171
-1.74
-22.1606
21.6253
219.198
-132.315
24.0204
-45.2255
35.9412
19.0042
89.9193
16.8453
-21.421
8.07006
-64.6628
26.5924
-116.699
-13.6259
-6.43534
-18.8549
491.38
-65.6857
19.2386
309.079
43.9285
-51.1627
-35.7255
-125.207
-341.952
-20.494
-1.23698
48.5644
-86.3843
-28.2502
-23.1246
6.69885
-187.636
0.876592
-24.0919
-44.4301
-3.44679
-580.284
62.3134
540.08
134.132
-0.348153
-91.1829
-24.0339
-2.78429
785.863
9.22165
-1.95068
11.9736
-69.1706
20.9786
23.7391
1.37687
67.3836
54.6107
-35.8522
67.8778
1.98525
13.1715
-107.327
-33.2613
-13.7007
13.7725
4.9863
98.867
28.4672
345.76
-12.7349
209.466
6.86223
45.3784
1330.34
-31.6026
-42.7474
-1.61623
47.1899
-21.1967
5.08716
-30.7336
42.2539
9.03164
-6.25875
-30.5962
9.75264
-36.1951
23.3844
-3.49372
-30.1532
-32.0229
-947.756
8.43982
-58.869
7.94072
-34.6993
-291.734
-30.1311
-13.9714
3.28336
9.03585
-56.5496
-3.83606
737.403
-14.1289
8.18625
-36.6039
-15.1769
-19.1863
-37.1404
101.151
-65.5698
-399.83
70.5625
60.4789
-94.2931
9.48639
35.4293
253.423
-71.2866
17.4072
38.9425
75.0988
-10.0345
-7.68456
-10.8555
210.25
164.784
-995.546
71.9959
99.6908
-2.21852
68.1498
11.0674
28.5403
-42.578
-3.37045
-7.96959
5.42035
-58.0481
-7.85435
6.14307
-4.14389
253.536
239.154
31.6284
135.217
39.2923
-31.0426
6.83269
18.4592
140.511
38.6037
-223.235
-58.2571
-2.47034
19.9432
117.521
-5.91387
-35.9652
46.4545
-33.7182
-2.13876
2.17538
31.4503
-27.3223
199.39
-23.027
26.5531
51.6695
79.1156
-41.8903
3.70724
103.752
-6.1143
159.919
-592.464
10.7564
19.5015
758.812
39.2802
-82.8286
-5.178
32.5857
-0.884704
23.6508
-10.0385
23.8878
33.9186
232.737
-19.7272
8.30929
-14.9739
-23.5506
-17.9602
22.6088
10.5033
-15.0712
14.1924
-45.6458
-59.0512
10962.3
66.9683
-7.66616
22.8952
-71.7547
59.3104
-19.7837
-248.67
-2.53632
-50.9636
-3.09935
11.1844
161.647
2.34174
40.4579
47.7686
-49.4864
250.376
-0.961867
755.2
11.1242
2.16471
-46.2207
74.7567
1139.76
-31.902
7.27156
-21.447
43.5521
0.382461
11.4719
-43.0545
18.9438
8.88498
59.7398
-32.237
-746.402
-36.3844
-18.4553
0.103359
-20.5323
54.5315
-92.7111
162.55
179.495
32.4792
113.41
35.1867
122.696
-9.37597
-69.7773
-150.288
-9.22584
-25.525
23.9485
-217.484
-45.2763
0.280491
20.0854
-52.3142
-30.4203
-274.646
-34.0412
-97.6366
250.503
-15.487
5.97468
-31.8665
-170.397
10.7107
165.718
-24.7476
-0.223541
31.8884
34.4407
141.073
-30
-4.87261
-7.27852
65.9361
177.105
594.601
-90.7341
59.3579
25.1312
-10.7013
-15.0329
2.46892
18.9333
-25.3684
-25.6588
451.609
11.0535
-124.273
53.0843
-514.004
5.86958
21.7179
20.2523
59.2997
23.6756
11.9841
14.2123
-271.865
-134.029
182.93
7.32764
574.278
-12.0823
-6.92467
17.0925
43.6637
-265.316
56.9564
-23.1616
26.9139
-24.8619
-3.47695
-43.679
18.9512
44.8556
-87.1368
53.6977
58.9127
17.755
-28.3265
-27.0675
-2.21012
13.2022
13.7738
-11.2934
50.218
48.3821
-22.1197
-25.3241
4.90328
-18.5538
-109.945
1.71935
6.47776
-144.995
0.658991
-53.2486
474.338
-10.033
16.1845
9.75668
1.57742
122.613
-24.9419
17.0675
-544.351
2.5885
5.6331
-58.4599
24.5633
93.3131
15.6922
6.4106
-7.54998
22.5002
110.771
7.83224
-121.791
7.18457
-85.8989
12.907
150.753
-334.75
-2.44156
40.4297
-66.1869
19.8552
-2.92363
28.818
-18.7538
9.58596
-0.171632
88.3672
-52.9907
-205.795
13.9403
-22.0945
4.26458
-19.007
70.5814
-96.3582
-29.9361
-490.787
60.949
-132.453
40.222
-6.37707
9.2268
1170.12
46.3914
-2.92481
11.8717
-204.062
-18.7727
87.6847
28.033
-26.851
-276.598
18.2188
10.636
-662.092
394.175
-126.805
-5.82732
-30.944
-15.8151
-15.7616
55.4737
17.3636
-15.4454
-1.62096
4.32695
-26.4019
27.1119
-33.0468
-46.3864
273.397
22.9582
9.52787
-2.44846
-41.702
94.7922
-702.751
-36.6833
-102.589
-508.538
9.29316
11.5015
-36.6077
-37.2883
63.598
6.12667
163.946
-566.06
1.99841
-49.5776
42.2262
-17.7978
-1.56366
339.723
1495.19
688.804
-5.2771
-39.491
-14.3941
12.876
-5.60827
29.6118
-5.01739
-783.447
8.77374
300.564
10.7793
7.28835
135.229
-22.6719
20.6549
28.6786
-22.3151
123016
-10.7064
-12.8048
-74.6924
-56.0644
64.63
160.485
-146.714
-4079.31
-3.22939
52.6253
-24.4614
-55.9996
33.994
5.35373
22.4804
-24.8403
6.64828
37.6052
33.9727
17.5849
-24.3575
-2.46098
-25.3344
14.3101
-16.05
-44.2076
0.272116
54.2338
-19.1739
1.90353
17.966
853.381
-37.2328
-10.1266
-8.00745
-45.9734
23.3899
73.1816
-77.8421
13.0571
-42.4644
9.65879
-148.154
34.8623
26.9231
88.4949
-47.9556
-169.732
-48.3615
-115.498
-74.08
3.67964
115.525
-23.1264
-110.464
-11.2639
10.8522
17.7
-5.07859
-7.89356
8.71764
33.998
1.42482
-4.42668
-15.1838
46.3341
23.1344
-1.4785
24.7843
-167.993
6.21147
-8.41904
94.2133
221.569
-75.6689
27.753
92.3034
-205.129
10.6624
-69.5555
2.73329
45.0708
-0.456433
18.6731
3.01309
66.8515
6.08897
-201.381
4.22156
-5.47458
-54.4357
-56.1623
-187.204
-86.1325
-87.219
-471.169
14.2735
48.0257
-18.5163
7.19808
-16.4952
-9.55882
-109.773
60.0712
-92.0971
-3.89775
29.7338
-260.781
9.93755
-6.26244
-91.9139
-16.5387
-13.5358
8.60965
-15.2634
57.3724
20.2096
21.785
511.346
89.2156
-4.46947
17.2132
22.0182
-35.9781
-78.3447
0.628352
55.5437
-14.1678
-61.6126
0.931366
97.983
-32.8751
210.758
90.3316
32600.1
-11.1851
-64.4149
51.9773
15.1638
-21.5713
26.3163
-8.12339
-221.349
-24.5462
159.709
-27.7699
67.0113
38.1577
-7.99258
6.63589
24.1322
-287.014
-67.6611
-164.419
5.91348
15.1733
5.00467
-3.91628
37.497
-10.0665
-49.8073
368.41
-125.786
-244.358
-2.84086
-2.20278
60.4088
-126.289
8.9957
33.7091
27.6759
212.744
8.49202
-45.0827
53.4243
-9.0312
29.617
33.8627
16.1544
-17.7129
68.7817
98.5963
-12.3384
-66.1686
27.7208
-11.194
27.7331
68.5295
17.3358
1.32252
-24.81
-50.9331
12.0812
7.48656
10.926
-59.1462
-15.0979
-37.2439
-12.461
5.81576
-7.35951
15.1461
5.23412
-79.8282
-98.5131
19.1301
27.5576
-21.3237
-1.07744
93.6356
24.6908
-187.449
96.8769
1081.43
60.0421
17.7351
42.5396
27.7385
-66.2002
41.0833
1.92625
-16.4772
33.6184
28.0171
-31.7242
-2.43247
39.5765
-12.4571
-10.2728
11.0263
125.365
-37.441
-32.5009
8.4809
-7.32041
-0.41546
48.8625
-223.13
7.37543
-19.5109
-136.838
2.0101
-6.69809
-23.6848
-37.4854
24.0763
5.62518
78.3298
-53.7369
43.8399
4.26247
2.32807
-104.814
-38.8467
-5.55568
33.1433
-709.5
-20.0007
-528.369
-21.0399
-40908.5
2.35352
23.4907
-261.52
39.6272
-98.8069
91.4359
-100.658
-16.1324
24.2727
-95.8847
0.600458
-8.19286
-54.3662
-26.6544
-13.9055
-467.943
-161.609
30.1611
-36.2049
27.8643
73.6357
-42.5027
168.788
-19.1172
3.49051
106.942
-91.0015
-167.381
-251.948
36.5637
-4.63455
121.419
-140.912
112.83
60.0178
-2.98823
-20.6146
-0.414742
-11.3065
123.055
-13.1795
16.5522
24.5462
-31.6119
-1.04429
-49.8442
16.7745
-25.4424
-105.92
-7.29803
-24.6569
-599.291
19.1353
33.9661
18.4406
-6.06268
-13.0406
-24.8878
-1.30793
-490.277
-27.9734
-48.2523
461.368
-0.494252
56.7839
78.6053
6.73084
0.540501
-14.0654
11.8511
-6.8497
-17.3969
-38.5641
-84.5602
-18.5641
-46.8928
28.7858
-41.6807
32.5765
134.513
-112.666
-39.6749
14.4455
292.014
-70.0196
21.4131
-20.5181
18.0444
-15.8252
12.4402
225.76
134.505
-458.609
134.123
-1.23525
-7.27529
503.543
-39.4323
12.7282
186.724
33.9176
-39.6399
-45.528
15.8144
-58.438
17.675
-6.37559
-30.9001
10.9154
29.626
12.9071
-108.428
1.60637
16.9975
-81.6677
-34.226
-70.1592
24.3142
70.6619
0.134853
68.9067
33.0155
2253.4
-37.1013
-13.5317
121.859
-63.1265
2.05591
-60.9588
66.952
39.9618
-178.449
-18.7836
-763.514
-147.561
13.0249
35.6837
-21.9319
166.562
3.38229
33.2779
237.918
-128.994
5.67915
2.58735
35.7022
76.9668
-17.0261
-119.804
59.7484
-29.9009
-5.9337
6.58061
15.9446
-28.5816
86.7263
-26.889
-18.6981
-207.495
32.1686
108.152
-0.953634
-32.2243
-10.3713
273.094
-26.6298
-64.6256
25.9408
18.2721
205.626
13.8631
-12.1855
20.8863
89.1717
-42.9409
82.859
-30.2904
-90.7099
9.82095
-22.0639
79.5443
5.83381
-64.5412
-12.4864
36.618
-52.0355
-44.0096
34.0852
75.7727
-198.041
23.8684
3.56826
-2.29976
-75.1595
136.405
61.3797
-57.1018
93.9781
-45.8505
-92.15
-17.7994
22.6554
32.8336
95.6698
-49.8951
0.00100965
12.5021
-5.54321
-15.5391
36.8231
-29.3407
-62.4839
95.2221
81.5094
9.39539
-43.4609
139.636
24.4178
-65.6541
17.7887
108.072
-72.8124
1.43837
-37.0621
59.0604
12.8593
-6.11061
73.9262
-238.31
20.5077
-21.8702
23.7832
-13.5454
1.63251
-352.917
-6.25167
-23.7449
765.817
348.961
17.3863
-71.8872
7.48638
31.7075
46.0299
-18.0994
3.72371
820.35
-28.7582
-480.986
-358
-103.322
31.99
-14.4164
0.255048
-15.3407
-206.965
1264.69
-20.2742
3.45614
-40.157
38.3466
63.9315
-71.3451
-183.673
-40.5866
-407.181
-5.5995
-6.92125
-16.5216
-45.823
206.933
130.706
-9.00384
-7.53438
-16.9958
-26.0765
23.2716
68.407
118.466
-6.45402
-185.023
-38.6438
-61.5155
-4.72213
-236.873
370.554
23.9022
96.0705
-2.45726
-20.6055
54.2744
209.339
-20.7784
155.474
52.7537
18.8355
-19.6039
-291.735
-11.859
33.1857
-26.1391
-0.23722
-74.8182
214.291
-0.987688
39.8236
13.1311
-0.650616
-6.42368
-29.794
-59.145
-28.085
-138.422
-18.632
-1.02311
58.0644
-5.53758
183.143
14.0545
9.8485
10.968
35.2488
56.9424
-40.3414
48.9429
13.7572
-26.4075
54.792
1.48462
-17.0579
-10.8606
166.23
-40.0379
85.0188
-28.9656
-34.2338
0.276264
14.6161
18.2637
-77.7881
-2.69076
-291.564
-284.611
-70.9177
-38.8556
18.0496
-12.1331
56.0811
-8.67705
-60.6275
470.384
20.4184
-7.60849
-5.13291
9.58247
5.11555
74.1998
-0.624508
18.2696
14.4071
-26.1008
-129.448
29.6066
117.604
5.63039
34.1421
-11.2101
5.22283
18.0257
58.0107
-18.7983
-39.7692
40.6129
-80.9585
-46.7129
-11.961
105.559
-26.5742
11.1529
-1.95368
91.9682
-1.40245
16.9684
-1.78619
-23.4989
-307.599
23.7798
20.1038
60.6774
-65.6122
-13.2125
52.5926
49.9082
-24.0134
-196.517
4.66916
113.555
0.253415
14.5557
8.983
0.144263
-26.0302
63.2092
-148.948
-29.9493
-14.5742
24.6538
20.7565
-0.982146
31.739
-15.449
-142.091
-3.8104
61.6538
-10.6937
22.6874
962.063
14.7426
-1564.53
-3.98847
5.97229
18.4356
195.683
14.5493
81.9519
-13.3507
-114.701
13.9729
9.94019
-4.48402
-51.6966
-46.0878
48.6464
8.00128
4.323
-7.51881
-9.51266
-69.6305
154.363
148.569
62.5065
-12.3238
-50.9289
-51.8202
-6.48626
-101.595
12.1325
-101.533
-26.3663
5.08717
24.513
1187.2
6.15297
-54.334
84.066
75.8576
-25.1235
14.7256
49.012
-6.45471
88.4567
-125.118
-18.151
-106.599
-0.726879
49.1177
74.932
29.9778
-14.4543
52.328
35.1115
-18.1531
-61.315
-20.9788
-21.3172
12.9429
-1.08017e+06
-37.0981
20.6721
-126.985
-0.74631
50.7589
54.3757
-176.911
-7.862
551.98
15.8781
16.6134
7.73467
-57.1641
-329.657
-15.7552
-8.61942
544.263
-93.7287
-6.98194
12.5019
-1.17212
-6.22445
8.0784
71.3955
-29.1955
-164.965
137.025
-65.7217
-6.60991
22.9838
9.12651
14.6861
132.462
56.7016
-11.0639
-9.05769
-5.92565
104.827
-39.389
-45.2704
1932.19
16.8216
36.8343
-1.21801
-131.861
-38.7542
-9.79087
-128.947
28.2382
-4.86866
-4772.18
32.2934
-61.7229
-16.012
-156.101
-46.3985
29.7742
-9.40276
-99.8391
-31.6195
-53.8371
-33.5242
87.1473
-8.76533
-13.9125
53.8463
-20.612
31.5777
96.8705
-2.63686
-158.812
-68.9067
8.60841
-1.63577
75.3315
27.0382
307.935
18.2525
5.08174
8.7463
-1.85292
-134.466
3.40136
-5.33325
-66.2588
116.071
13.8656
2.46488
-7.34026
-91.2171
56.5423
8.29015
-20.1335
-4.89096
25.9687
9.66442
15.7331
73.6532
-40.3777
-32.5866
-136.116
-10.4878
29.8787
-42.3231
-116.062
39.9961
-12.3386
107.673
12.6926
47.6675
-249.298
-57.8214
61.4568
-235.121
1.11971
8.27705
11.1809
-3.51266
58.224
32.2671
29.8783
-59.8867
-24.761
4.31804
-18.5121
-30.3826
7.04048
98.7337
16.0716
-5.66145
-17.9426
-36.8521
83.4375
123.883
-620.475
604.624
58.1513
-8.9167
14.3786
45.4014
76.5317
2.56526
47.0856
-50.3313
-20.4178
56.6833
-16.7162
-5.21032
45.8794
-28.2896
12.8532
23.2764
120.482
-141.221
39.0996
-7.85241
-15.5272
-44.3411
905.405
82.7967
-8.87963
4.4647
-53.5671
43.7397
-198.927
19.5975
212.024
-22.9384
-19.3733
-16.4197
219.091
23.6874
20.7128
47.2188
-26.2356
13.1261
29.8794
461.341
57.3498
32.739
18.7358
25.7538
-353.517
-20.3526
21.4088
411.509
-8.5943
-10.8388
27.613
-93.4775
-972.398
55.4512
-9.02176
231.047
-26.9242
39.9787
-51.653
3.44787
22.8237
-11.2563
421.939
-23.8109
-28.7198
170.525
-3.86133
-7.44111
-71.8709
32.7193
635.778
7.74443
5.97225
26.0685
103.295
29.5386
800.887
118.017
46.4358
2.76411
33.7379
113.405
37.7316
-88.2601
63.5849
10.8805
-10.1327
52.0761
16.5645
-5.63457
-13.3648
2.31679
71.4885
-16.8575
10.5734
-18.9157
-14.8731
59.1339
71.8061
20.9595
0.658717
-71.9239
245.937
-23.6629
12.3127
-0.412107
16.443
39.416
39.9638
18.2132
-35.0263
16.9801
-97.617
-8.15482
8.25352
2.23396
-21.7468
-136.69
-62.6085
-90.5089
-12.7298
-14.3243
31.4854
-175.077
5.37126
146.339
-7.53223
116.96
41.2433
26.7351
24.6608
-25.9719
19.0853
8.40056
0.268315
-25.7956
-18.3731
-34.7768
-21.8672
22.927
12.249
6.24606
40.6526
-171.573
-25.995
11.9026
-48.7407
-15.2773
39.069
-0.969875
-17.4943
95.8002
37.5595
-20.1523
-175.173
153.892
-27.7208
-34.8654
5.55727
12.0665
-21.5867
-19.3587
-29.6015
-51.5336
-1.55524
29.5146
-2.07263
-9.47899
-27.0931
50.1486
93.0696
139.688
-35.8455
-13.6531
-14.1473
6.32065
25.2412
3.42719
-28.7926
6.63143
-23.4401
16.3098
-49.8887
9.46862
0.620405
-49.5004
26.7997
363.829
26.9876
-55.9328
-160.605
5.2137
17.7299
-76.8508
-52.3626
51.6774
-26.9405
-0.694731
-22.6003
8.25281
3.64963
-21.238
-200.633
21.4781
3.57096
78.439
-42.1516
5.85248
76.128
-83.6543
-33.7326
-22.7112
7.47075
-47.7054
-208.98
81.3226
33.3077
-26.7279
5.68066
-13.2757
24.6798
-69.1058
21.0011
-28.7595
26.1066
-20.0823
-165.25
48.7495
-56.3008
67.3582
-162.694
0.851881
-129.04
-1.60304
27.7067
-17.3934
12.1685
42.9796
14.1648
-27.7435
-87.7235
57.8955
-25.4903
34.6677
-76.3071
-163.775
6.45636
-88.0173
20.7626
-21.0523
47.6378
614.151
75.671
14.3972
-49.9844
846.292
-17.2689
-59.9463
-241.667
-11.6782
10.4121
48.5924
13.5941
51.0777
9.337
12.7588
196.952
-10.5239
-4.11898
59.501
3.41405
-14.8823
32.4594
-25.8576
-111.494
65.687
58.9325
-4.62427
46.4804
88.4972
326.465
7.95743
18.7315
773.799
58.2161
-268.918
-3.69719
93.5617
-10.4044
-9.1546
60.6456
-83.2677
-55.5701
26.7103
-256.803
17.0838
-191.174
2.61517
-15.8577
15.4449
-5.21875
-14.6442
41.0393
31.1191
-8.35386
163.077
-13.3654
19.5227
56.8595
39.259
46.9635
63.9076
67.9892
101.118
-38.8944
0.51559
1.61339
-2.82127
19.4788
-9.39826
-132.71
103.87
2.32015
-27.2753
710.446
-16.6444
-44.8079
-39.8421
-33.728
2.90037
3.94014
5.13388
20.9095
-20.5599
-41.3578
-31.1256
17.0982
81.1419
-24.5366
23.3889
-10.0666
2.47711
32.4207
0.740835
-14.2648
-22.004
48.2666
-146.243
10.8011
116.985
7.4182
-4.46459
-110.185
-20.9474
-300.844
-29.9085
50.576
-60.2857
3.72543
72.0051
-31.6663
12.9598
36.9679
-8.21485
65.9899
-5.10188
-57.8901
47.3989
-2232.98
-4.7163
31.4638
-19.5857
-20.5473
21.1872
33.4583
100.105
-47.34
-2.3153
-24.349
-175.141
-31.5563
-15.275
70.5656
-11.6392
2.53682
-17.8314
-76.8651
-6.77786
-8.25566
1.15583
-4.7931
-17.724
-31.6181
32.119
-30.5395
3.07264
0.108368
18.9262
151.348
93.3064
91.2067
81.0941
-8.22938
5.36394
-18.2505
-21.0855
-9.36837
-0.371587
90.5477
56.3136
16.7835
29.9156
43.3357
-25.8283
8.46699
23.0645
-18.4342
30.2575
-47.6173
80.6991
-30741.9
-8.43951
40.2571
-13.5346
42.2046
63.0901
90.224
-164.666
19.0775
141.023
-89.4808
33.6439
3.39721
285.51
-5.18525
280.953
5.63447
-26.1099
-15.9614
322.25
4.02855
-1.55567
63.5553
21.0796
-5.3477
19.7885
3.58998
-5.23572
143.184
621.679
779.848
-31.6249
46.6806
14.4704
-15.7448
50.122
12.7146
-35.5027
555.877
20.4809
-10.3003
2185.67
-13.1306
36.9503
73.1122
66.2577
103.434
89.5265
9.70399
21.5505
-239.366
32.8995
-5.37211
29.1375
121.376
17.0221
-9.59498
-4.74777
14.4355
20.5884
35.932
3.75347
-5.24412
24.0788
89.4842
-84.1245
-28.4935
4.349
28.8143
-97.6041
-9.22874
-8.52385
319.878
-226.085
1.5882
-92.4313
5.97774
10.2871
-634.154
-14.9599
163.783
159.477
-28.7321
135.315
20.5206
12.9349
69.1482
-19.0931
20.3553
-112.483
-61.0853
-284.019
-28.3954
-39.0464
10.3079
-4.23639
30.9453
35.6651
-20.2286
-232.616
-21.0102
13.0504
359.37
23.0529
13.1312
12.9304
-147.993
34.047
-78.6075
-25.3481
-50.0325
-4.31307
-33.661
-21.6767
-40.8784
-21.0012
424.911
44.8864
18.7387
-16.982
2.88187
10.5428
190.392
-4.81592
4.57855
11.6514
1400.13
1.16082
21.8013
7.48114
35.6932
26.878
-22.3507
-125.287
-3.02023
-2.6345
-33.1487
4.62533
28.7793
-211.017
26.3333
-105.441
-10.8594
-257.578
-838.713
-12.1126
0.920235
80.2003
-2443.17
264.027
20.9274
-87.7587
1355.32
96.8955
-40.6384
-49.8282
42.0255
-6.36198
-27.7724
0.335492
-21.6087
-195.54
-5.38891
37.3728
-139.43
51.6925
-7.54229
404.604
-226.645
-35.2246
315.39
8.69637
-49.3154
-31.8679
-64.4552
-15.9832
89.9734
110.106
-22.4222
-30.9101
22.2341
47.8026
-8.17211
-8.55497
-22.2668
92.1027
-41.7142
-88.3452
-51.8909
133.333
0.855425
-5.99896
-166.071
-10.6942
-3.46673
3.23926
-36.7505
-6.30036
143.778
91.7716
-37.4912
-11.2506
-45.5206
-1.33641
-59.5265
-11.9074
-26.5456
119.574
-95.967
-37.3106
-65.4274
39.2113
87.9433
-12.2755
13.3136
20.065
-10.0704
-80.2914
-87.7701
14.4971
2.25558
193.333
-51.4026
63.982
-35.737
-99.5746
-16.134
11.6517
1563.84
222.272
21.0826
23.7645
-146.809
-61.5417
602.048
20.7032
-97.7613
-74.4977
-81.033
19.3536
-58.8549
25.9132
-46.6608
-29.8526
258.736
-93.3359
286.378
-1.5798
-84.8932
1.3463
43.6173
31.4852
-26.1531
-45.3918
75.3222
115.088
-15.832
-9.53685
14.1922
-19.0174
-139.148
-0.560641
-32.8455
18.3103
-13.5435
62.1755
-5.62959
1165.44
5.44907
64.7108
-41.9126
-20.3243
14.3656
43.6382
2.66403
-48.6851
92.9382
24.3833
164.777
-14.9195
5.53242
10.0438
-98.1683
-50.8194
-31.4826
14.1174
41.4679
-920.749
36.4787
-12.8319
66.0224
-1468.43
4.66143
-54.7565
116.343
-19.8054
1.00749
67.2597
13.7864
-13.2112
58.3675
31.7853
-64.2431
28.0162
24.7361
11.9523
-83.2202
8.13312
-18.246
-7731.14
-22.4275
8.26079
-1.23459
-46.0058
-155.009
1.92662
111.342
-20.8906
-47.6741
43.2139
-17.075
15.4516
7.95654
-58.9272
258.79
70.9409
-515.963
71.0486
-20.2824
826.881
-15.536
-27.5386
70.0578
-6.07561
0.342061
-81.9906
-28.2598
19.6821
-94.8311
-58.7546
47.0693
17.0681
80.3434
-4.7714
20.4041
-8.70127
-7.22752
115.011
-119.659
-17.3242
-0.935229
-138.421
-14.3735
27.5808
-6.82229
141.523
-163.056
14.4302
14.1135
-21.6538
-34.0225
31.0069
11.0476
-48.9843
-0.602076
81.4432
-205.142
12.686
-12.4837
184.703
-0.560374
55.8883
14.5452
-24.9119
54.3408
196.694
5.52535
-18.5149
-78.128
-26.4296
-1.28309
35.3573
33.7469
-108.089
8.53286
-183.728
-63.0125
68.8724
17.8932
45.8977
-309.728
31.6864
-246.93
35.3949
-93.9745
-15.1385
-11.48
-77.7672
-14.5319
-15.4884
6.62822
-57.6056
-3.00505
5.49536
101.148
-45.3964
-16.3226
1613.26
-36.9206
-31.2478
68.8721
1.48942
-45.6284
46.7669
1546.06
-3.56749
-18.7143
-25.1404
-7.77505
-2.16841
-13.3549
-15.1301
15.6633
83.0377
-7.78207
-13.816
38.37
-13.2376
43.2557
22.6528
5.63858
290.727
-1.07736
29.2385
13.6857
0.417559
6.65158
-71.1313
11.7685
-22.9759
-6.36129
2.46437
118.465
26.0879
178.016
30.512
-16.6172
88.0478
-40.8741
706.002
7.82457
13.4833
2.94298
226.017
-55.2219
781.995
-71.4671
46.064
36.2873
-74.4467
-3.47094
-28.7656
-25.5081
60.5763
53.5403
46.81
-165.621
-22.4851
-13.6873
-34.5495
-25.2064
-19.9464
-249.28
112.182
38.7397
-34.6114
18.9977
582.944
1.87982
459.485
-35.538
26.5344
78.9711
310.926
-19.7358
-7.53208
-26.5343
75.1305
-27.0202
12.2886
-116.298
33.365
-63.5469
3554.06
-4.04312
-22.1509
-81.9723
-183.429
-940.592
-31.8822
60.9059
421.466
5.82559
22.4884
1.01984
-84.2668
-7.45573
-11.4822
21.3153
-10.8142
106.406
-20.8402
66.6618
4.43986
56.1491
-86.4294
-5.53489
24.8373
-32.2759
14.2493
38.6109
19.0159
9.9536
-8.59787
6168.17
12.0135
12.6197
19.1683
-286.054
12.3453
-75.0876
-30.4499
29.3644
-22.3183
76.1438
124.038
1.05234
131.399
50.0556
-3.49387
-12.89
-19.4393
5.00366
-11.3885
-15.7027
41.3176
-300.102
-2.08635
-52.1763
-29.4502
76.8344
189.776
10.539
-5.85883
-156.617
61.4956
-3.47617
10.1407
8.48473
35.8728
-21.612
-10.3962
-543.07
-272.086
-28.1083
-32.5488
750.709
-21.1387
24.2378
8.03823
21.6341
-14.8288
-41.6234
-35.2095
-39.4451
-20.0079
87.3678
-114.759
-5.38141
-10.0511
16.9557
17.2878
27.3204
6.89671
-25.3134
10.9171
-26.0774
13.3512
-35.2949
-12.5032
-180.795
-88.4509
-181.489
6.49893
-4153.11
-22.5235
-19.5371
114.568
14.6313
204.388
36.6275
-145.292
-334.136
-192.141
8.20462
-68.9813
-3.53736
-74.5749
-96.1826
-4.7233
70.1521
-621.79
-71.4358
-48.7378
-236.002
-182.252
51.8615
13.8075
-155.717
-9.36193
501.671
-4397.4
-148.075
46.7113
564.431
-14.1466
-18.1036
20.1445
33.8415
-54.9241
71.6024
3.26582
20.309
160.132
94.2487
3.30605
-4.85466
45.809
-4.88819
-25.1822
-32.1498
-26.5034
22.5154
-43.3756
-30.9036
-7.68862
-46.1089
-13.9844
4.64154
-103.223
-129.931
-69.1411
55.5048
2.75043
-41.6069
1.41834
-0.202616
-0.522086
-14.8374
14.0733
-21.6012
38.7316
1.41417
-77.4344
-26.8633
-89.4431
-118.949
62.479
12.8594
-73.1006
-143.832
-2.03219
18498.7
27.5938
195.621
-1277.39
-14.5751
-159.801
-8.27309
8.29791
32.2323
14.1969
-3.61843
16.1434
-3.41449
5.22647
-160.965
52.9213
-33.6674
40.2586
22.5873
26.4771
56.135
-2.47095
3.87901
1283.45
-50.2284
-11.6037
-28.1206
91.8705
27.2464
40.5599
32.2808
-46.9929
-15.7059
-38.7354
-29.1407
54.2925
30.033
-12.3259
-38.234
-16.9169
-37.581
11.064
115.617
7.6919
-91.2208
-2.87825
-1.66103
64.7893
20.4929
-18.1964
16.7958
-24.8914
-30.9768
22.6539
-6.91469
0.704932
149.362
-8.55352
33.0392
-41.5867
2014.18
29.4301
35.3039
2.09021
-11.2949
-23.3817
-12.9506
-9.47703
7.69359
7.27837
-849.633
-4.92316
-12.9464
-12.7966
-20.5026
1.18915
-5.72269
-461.166
-2.64342
-13.7056
-4.56756
27.3497
-17.3702
24.7338
-15.2911
47.1371
-9.4123
-30.9591
82.0415
37.127
-4.96733
26.6625
-12.0206
7.74285
-108.438
1.6708
-41.9428
-17.3078
-46.2159
-96.4605
-59.2686
19.3712
-0.746501
128.907
-43.2162
55.0743
44.4589
7.99024
-1.49797
-14.1718
-1.62135
9.45751
322.91
10.7636
168.316
38.3251
103.215
-12.2173
417.878
20.0839
-15.3477
64.0609
-22.8779
-31.4214
-47.1479
140.469
-15.1635
-14.9115
13.7511
4.48228
52.8469
-480.277
-4.10761
-6.58181
10.9349
-22.9096
14.7266
27.2091
15.106
3.7442
59.0271
27.5814
-170.58
-137.415
-104.493
154.856
-118.667
-79.7568
1.9131
12.0251
-64.9233
61.2409
-14.2524
-92.9033
-7.8001
1.28944
14.9708
-85.2684
-25.5193
1.91151
-102.431
-9.28824
10.7958
-56.1219
69.8475
28.2934
22.3409
-29.3761
-76.8371
10.0887
-32.0079
-65.48
84.1695
32.0335
-8.88432
-24.9278
44.7339
-29.4655
60.4389
172.765
136.314
-53.0073
387.493
702.415
-61.024
-3.61271
-38.8073
-28.3889
350.154
9.90826
39.4826
-91.5929
-139.479
16.2344
-67.4803
958.93
42.4169
7.28054
92.8156
41.6367
-7.01365
12.0583
-89.2276
-6.27172
-2.12271
370.503
-6.12026
-17.8947
13.6328
-76.1752
19.6156
-29.0454
1.79897
63.9457
23.6178
-306.964
514.693
83.8911
1.95051
4.65171
-2.48656
6.62103
-31.4704
129.813
-141.537
-697.697
-1758.73
-58.6409
-136.98
272.282
-19.8249
-44.8614
-0.512084
-113.657
-3.3823
-686.284
4.18927
39.9969
-20.3334
-213.13
-137.277
9.02272
14.7047
-322.976
-331.203
-4.98628
1351.44
-6.84152
51.5154
0.332214
12.7586
33.7879
87.2332
-8.08516
23.8442
8.18298
62.667
-121.784
11.2639
-22.0583
-16.0051
187.746
-29.4574
24.0331
22.656
39.2952
177.546
-2990.57
-3.34096
64.3324
-0.288078
-15.4783
0.282698
38.5823
1.01256
-20.4259
-17.756
98.2132
37.6989
-8.82523
32.7004
86893.9
14.5887
-1.00096
105.191
-4.30342
23.9822
55.5772
-37.1454
37.6143
44.182
-57.6737
-1.70815
-17.54
-33.1651
-77.8699
-136.851
11.2358
-25.6273
22.2731
48.2636
-10.9822
35.5096
-18.6077
4.3818
-27.9353
-2.87222
130.274
150.122
213.115
10.323
61.1731
-51.4798
-58.3609
12.4608
74.0032
-7.48666
-176.268
-101.427
-24.4607
-14.9851
48.0102
302.396
-1.30162
84.9513
-18.1808
7.22135
-12.828
4.44602
38.5226
-190.843
-159.995
-404.114
-7.44614
-13.1256
-611.828
-100.532
-7.6536
26.0787
4.63605
11.9905
1.33956
-9.68477
41.4386
24.6289
-16.7964
-120.141
17.6239
98.7832
-88.2647
-204.897
-9.3934
-62.1568
-86.7848
-35.7973
-45.9001
-36.9241
9.89828
24.6862
54.3221
3.47535
-5.76196
-107.452
-6.6516
82.8988
-18.041
-45.2574
-27.0609
-9.87266
-8.47218
-11.5869
-6.21952
-14.6968
6.5744
47.14
-4.23014
-25.3855
-10.1236
-6.70644
-3.4707
42.3468
3.86116
217.946
-2.97488
20.6689
-6.70189
-128.022
54.7025
-38.2528
56.769
-11.9619
-1.16164
121.697
-39.8988
93.3643
-97.9002
-24.9437
-0.828403
-40.1715
-317.898
10.2185
15.1924
21.7876
-512.683
34.3917
8.10525
29.7139
39.7397
-42.348
-128.104
-4.53672
-31.1989
5.31337
-11.4262
-104.749
-92.4097
-31.9685
12.2974
75.5121
0.217438
-64.8847
40.4077
20.128
84.009
2.79399
-89.0811
-3.14977
1.05591
-3.01326
57.1201
-103.071
-26.4041
18.1946
381.394
-2.40987
37.5198
-74.278
-105.123
97.9296
-7.08306
5.41713
-17.0542
46.4798
20.5981
-193.605
57.3475
39.3839
35.8497
-111.419
68.482
-13.2362
-143.55
-25.3886
35.4031
-13.9065
-5.97527
-38.1144
-31.4533
-7.36918
-28.834
-83.8962
62.3887
-91.7888
-12.4319
7.84933
221.785
17.7783
-8.62043
-396.053
-14.0554
-5.30054
-28.4035
-1.06024
36.3622
3.99043
-66.027
-20.7934
12.9747
38.0157
96.9177
55.6689
19.3413
34.12
82.2583
12.5763
7.00312
-19.0738
14.9025
-66.0737
52.3964
5.39936
-6.55499
-4091.81
-34.4498
-164.939
-173.882
131.873
5.31708
-14.632
54.6034
-875.607
30.7128
-5.70378
-17.6419
9.54717
24.9358
-6.07041
2468.91
-11.2701
-7.53591
42.1274
90.3068
61.4209
-21.2742
-30.5731
-1.5482
-71.5657
-15.5411
112.39
-1568.84
50.62
50.4009
14.4577
-1404.19
-112.933
14.1725
122.454
4.25349
21.0371
45.4178
23.6802
599.128
-78.2884
59.988
-26.6868
131.533
34.9577
13.7458
0.113536
-45.7962
-6.67513
544.488
16.4673
-19.123
-0.13522
-33.2083
3.0793
-69.1416
-33.9776
-96.2381
6.82164
20.8076
108.392
-11.5761
12.4711
-31.4641
9.5216
24.4091
-9.82517
-62.2819
-18.3373
5.3407
-2.27359
5.99234
-2.33638
144.868
-8.27179
82.3483
-126.096
-50.4361
-13.3756
57.0371
440.441
28.3577
-165.858
7.90758
11.5204
12.3067
-298.302
-0.464552
21.3983
-17.5038
8.23932
-31.2169
-7.66542
-13.1242
-59.0618
4.67016
16.4756
-24.2769
271.21
35.7206
351.908
-2.02397
-180.33
-5.92825
-20.9165
81.8142
27.2184
-22.0889
-20.718
-58.5439
-180.118
-11.3809
54.4609
15.8859
8.46472
25.5022
-19.2105
109.046
-19.0994
18.8914
-8.99295
-36.8175
-9.2978
123.035
-7.85342
57.0448
-51.0457
149.574
2822.04
12.9319
-1.81813
-41.0705
22.0615
-15.6401
-94.2729
-78.3607
-21.7573
-46.9773
-12.0721
-2.26666
30.516
39.4192
123.526
-17.5858
17.6286
55.7381
67.6661
-0.178636
38.1688
2.61357
69.6647
16.6195
-3.63505
2.41015
-167.695
-21.0963
-75.5827
0.0979779
-30.9512
6.99479
-23.2967
-72.3286
-38.778
-10.9738
94.1903
-30.2608
14.0645
-32.3286
12.7585
-19.4344
-11.5743
-18.6701
5.02031
445.468
-134.324
-218.483
3.98204
-56.2624
49.6523
-50.2853
695.05
53.0916
174.308
27.1557
24.0378
9.81635
132.807
1.28517
-181.952
-291.135
4.80138
-5.48383
-36.9038
277.914
-3.29626
10.456
21.7745
53.7808
35.7769
59.9397
-23.3865
-304.58
93.9439
-16.4315
-16.1098
-25.4137
-101.23
12.516
-42.666
-15.0132
207.996
-715.754
33.9649
7.03778
-0.376976
53.9173
15.8844
17.7046
-29.8592
-34.8073
-41.6274
37.3336
-36.719
20.0097
-16.1858
42.3104
43.3598
-19.5438
-222.849
7.33414
52.5614
33.2817
-116.835
-12556.9
131.011
-189.152
-1195.18
75.7053
8.68369
449.665
745.335
15.8381
-66.5148
13.9144
34.3048
7.07505
22.1855
-13.4748
229.541
-31.2909
241.851
-7.29055
40.0265
-182.577
-8.23763
248.152
-14.0373
-25.7089
184.71
266.774
-15.6253
-48.487
-102.988
11.6741
7.37049
23.0994
-186.811
-70.0293
-59.3791
1447.89
-58.6952
57.744
-8.83074
-31.1948
18.8678
45.5669
3.04536
7.55147
1.04678
22.8196
31.5923
31.0448
17.5838
-24.3428
36.2503
0.17692
190.975
-8.51597
-37.2666
6.86507
13.3131
-127.626
41.1222
1.3984
10.3298
4.76735
-198.237
-45.8783
22.5975
69.244
-6.38719
-7.8421
4.71849
-132.797
-7.11791
-64.642
-141.537
-3.50417
-78.7473
8.25246
0.600695
-6.33225
3.52669
93.0343
-1580.09
-23.859
-5.93305
55.9698
-22.6685
14.3788
13.6484
370.475
33.2319
7.50858
-24.6451
-122.863
-3.77842
78.6307
105.398
8.47132
-17.6932
-229.532
2.93936
13.1429
15.1413
102.829
29.9757
72.3217
18.8643
10.7137
15.2502
-18.8942
10.7554
17.5982
-37.0158
62.3323
-100.496
-24.5016
-10.0354
-123.75
-9.66823
73.2685
67.8638
-66.5377
-51.2975
-0.33216
-56.9039
-106.518
-42.1607
-24.9694
-50.3331
279.394
-293.133
-100.162
-124.454
-64.0031
-1.24109
76.2573
-8.86696
-1.88131
281.681
183.902
10.3183
-7.6578
109.095
11.5118
1.9842
-14.1329
-96.1747
-28.9681
534.086
0.808136
-16.6724
-24.9216
26.383
252.005
-247.84
-67.3805
22.8841
-24.8634
-57.6497
-40.3037
46.9852
-131.992
71.1656
88.4767
-46.7599
9.92098
88.1976
-14.5412
-47.9504
-105.193
-84.9254
-66.9724
-22.974
-44.6172
42.0157
32.3325
-47.1234
-7.84253
-364.746
-18.2465
8.88386
-12.4447
-18.343
32.7089
38.7317
-12.2593
-92.5248
-210.276
-38.3991
26.094
-52.283
-47.6532
-47.6258
81.3035
-5.38943
11.842
-24.7085
-20.4379
10.8822
-6.2508
-8161.62
5.93668
7.92046
-23.171
18.9209
-37.0167
85.538
143.216
20.9314
-167.08
91.4014
-29.3073
30.0669
-19.8545
203.135
-235.173
-30.9867
21.3559
-10.5806
-13.8481
56.871
443.578
-26.3301
-30.807
15.6589
-50.1384
-2.95902
-178.81
-45.7315
-2.08887
10.4783
-34.4295
2.90757
77.8168
2.30642
20.7758
-8.49868
-20.1101
-40.8319
-7.8774
8.20953
8.23065
-413.513
-102.204
-292.662
-12.1804
29.8001
21.7982
13.9275
2.60399
-29.2721
17.8928
-0.65357
-22.6621
28.4181
-41.4761
80.5821
48.0043
-423.32
97.7597
-13.3939
-4.36035
11.3279
413.645
-41.7951
13.5064
15.2466
-29.2586
-23.4668
-37.2426
35.7303
5.21695
107.708
-83.311
-145.75
-56.4887
64.3363
34.5629
-17.8483
23.9196
-5.50384
-0.906319
-14.457
77.8161
31.9153
28.4169
-2.48572
145.106
18.1784
16.2216
21.7265
-16.9854
4.60321
-51.7144
692.834
1.66703
-81.6244
-13.2924
20.0929
7.51105
34.085
18.1435
-7.91593
0.087803
-18.6981
-386.319
-8.85588
-26.829
32.5937
90.043
-4.71049
74.6562
28.7443
16.536
-40.5495
16.1749
-12.4412
-21.2986
75.2142
7.81893
-65.4455
-5.55473
7.24277
11.4958
302.774
-0.895762
-12.0982
-52.4454
-24.224
35.8907
62.2999
4.20493
-7.30662
-693.376
-13.9942
-15.7155
-26.4391
18.9706
-81.7526
38.198
86.4452
-70.6185
9.55107
-4591.51
-34.7293
-0.952857
138.678
-77.3141
21.8117
37.1858
-10.6486
-238.906
-23.5026
6.57101
-13.3127
19.8907
326.022
-0.00686564
34.3044
173.184
-113.568
216.001
19.2126
20.5343
-1729.96
18.5377
-209.727
7759.59
98.6952
0.324614
-13.7062
-15.3514
-14.5536
208.335
-16.4717
-33.9676
-14.3109
-1.80183
19.2869
104.378
152.135
-0.221339
-383.633
-135.282
-93.5458
-20.9711
26.9522
-53.5694
34.0253
-77.3596
37.5512
5.97715
-42.786
11.2275
-217.906
173.984
97.8855
-9.26879
-535.612
4.80367
18.3414
25.0353
-30.3919
329.56
16.4797
-0.478382
17.6366
15.8532
-16.7122
28.309
-130.71
-99.4611
38.8654
55.7649
87.4233
-0.02024
44.1091
-37.1078
-230.758
219.27
-0.166356
-27.5641
21.1616
26.3473
9.42425
420.19
-0.660509
65.5882
-404.469
26.263
-3.03532
-5.12413
-5.66365
-136.323
-12.6623
-1143.84
-204.828
0.000843892
-86.7127
-20.873
-281.594
15.4026
-96.9048
-27.5846
-33.9096
45.3224
26.7632
-302.876
5.62037
15.5786
81.8437
-4.1067
16.6932
-23.4047
29.7478
-71.649
59.3297
-17.2918
10.713
-166.605
14.5598
63.402
13.7354
-38.5196
11.5691
13.6861
14.3326
-404.823
-8.65411
-122.193
-74.5961
19.008
-13.4375
176.843
37.1373
-48.1678
60.1586
137.056
119.512
-1.72942
-1121.67
73.9762
-59.9302
-152.217
-64.409
6298.49
53.0793
39.083
2.58184
11.4917
81.2715
-2.71642
9.0406
-7.15946
34.1749
130.425
-132.106
-3.36754
-3.2184
40.5053
-285.886
-146.901
-11.4292
-1.21144
95.5769
-10.421
-344.383
404.177
-0.704657
166.724
28.6571
19.5842
4.30292
1.91272
-17.4879
1.80169
-58.0981
28.3832
51.7582
61.9278
-105.513
-39.1244
9.33227
-0.970814
-14.571
3.52452
1.14475
-44.1451
-15.2591
-61.6987
-17.3668
-3.50189
-0.623947
18.4789
111.645
-2.52697
-5.28153
7.45619
15.5783
10.8819
-28.9865
-0.176445
0.297193
77.1584
-25.3902
80.8095
-6.88453
55.7079
22.0651
-34.1329
48.0618
-15.8034
1036.74
-12.1119
28.3386
-103.491
114.872
449.736
72.8688
-64.4923
10.4419
-8.86516
-71.7442
12.1244
-46.0283
-183.712
-449.794
-24.7029
18.0728
-23.153
4.95969
-12.3155
30.6594
-43.0218
-13.2275
298.2
18.8989
7.43551
54.9038
-6.59634
-55.3366
16.704
-22.5467
55.6372
11.5828
11.2563
-100.796
-52.8793
43.8719
-22.2526
17.4179
-31.4058
9.3248
307.025
-24.2468
-5.12077
108.727
12.6576
-24.7012
28.9724
-6.08671
-0.606958
53.5688
-13.9153
20.1274
-164.772
27.0602
-111.798
77.6379
30.9857
358.056
-4.18914
15.4664
-17.6101
-61.6553
28.6876
-12.9284
18.004
-332.501
-409.518
76.3365
76.4412
14.3726
28.9436
-89.5992
-2.45132
13.6298
-139.739
-196.42
413.001
-159.166
-35.0908
-89.7185
78.7878
-29.6812
-148.342
2.53343
184.868
-5.80906
19.1955
-9.63567
-10.405
-25.3752
-13.2453
103.982
3.16585
-7.47168
-28.6365
-5.95324
48.1856
-46.3
-17.9378
-9.65174
-4.08435
-46.998
-25.2226
372.669
93.0129
991.922
152.352
1.56343
-191.569
152.049
-43.9343
20.9483
-6.09404
-79.087
-17.7037
-13.0279
1.72365
122.42
-75.438
18.4758
85.3651
-7.73355
-20.119
363.106
-124.047
43.4016
0.248466
-13.1171
-49.8286
-57.9206
60.3763
41.9258
-192.649
13.8422
-309.852
118.366
23.7565
9.60842
14.4579
-1437.62
-10.323
-56.4174
-51.2393
-115.557
2.04844
6.84399
4.46858
924.645
-31.0314
13.4613
-19.2006
-29.2883
-40.1132
-5.22818
-10.1615
-81.6391
-65.1989
-3593.99
17.4264
-69.8416
-22.6748
-140.938
-9.49906
471.54
46.9947
724.81
9.65708
46.8112
-494.544
-7.92138
-5.80876
-4.5008
-34.0326
37.0733
-322.334
51.8342
-16.4428
-14.1161
15.8473
-47.6225
58.0749
-54.4591
-111.971
-47.0998
9.64326
34.542
-32.2355
19.7376
-91.0578
7.13059
6.34629
42.3039
20.4232
6.28129
-24.016
150.495
76.2341
-13.5938
-2.09228
-19.0756
27.759
58.7739
28.4668
-84.5371
1.37332
-46.2506
-54.0201
77.431
-108.323
48.3267
-32.7136
23.1655
2.30107
-14.4081
26.088
21.3352
21.4978
-43.9562
-9.5305
27.4914
-29.7194
-17.8598
-4.3063
-5.25297
1.53021
-18.7026
-24.3208
48.2241
-42.4207
17.38
14.244
97.0851
-5.53974
25.6128
-87.686
63.4124
-32.8935
40.5828
21.2249
-3.36861
-207.577
8.32373
-22.7342
13.3596
6.37424
7.21174
15.6285
-67.4166
-1.11998
-21.6114
28.7295
-45.3523
-32.398
-68.3588
-20.7925
-35.5217
36.3381
6.8997
160.384
6.00767
21.461
258.682
12.6661
2.59533
4.48107
15.7506
11.8731
153.423
16.9728
-80.6327
-183.759
-23.201
-15.0661
15.9386
-14.0642
20.6797
-18.9569
23.8448
44.4681
-25.5158
-4.72848
219.716
-10.8356
-11.9785
-46.2278
37.8094
5.30148
65.5048
-14.5519
139.062
-18.8771
15.4873
-51.7553
-84.4119
-27.9788
88.7687
3.89848
-12.1982
0.0766602
-4.29797
121.271
48.5985
168.555
-118.647
4.20645
-173.879
4.18416
-205.486
2.90237
23.9951
-6.34781
17.4373
-20.5701
7.77993
12.1357
131.075
182.504
272.949
16.1537
3.89507
-53.709
-801.947
-66.3411
-147.521
-12.4678
23.6474
4.11361
17.3695
548.987
-2.55766
-3.11567
-87.6412
-586.307
-785.943
23.5708
59.9032
5.42764
-75.3088
-28.2536
-1.16396
163.829
-37.6555
26.9935
-9.39577
-25.098
-13.1197
58.6056
-23.5415
-28.9936
-12.3644
29.6267
80.0172
14.4443
0.248634
28.4621
15.8892
-89.1111
6.39277
-8.22241
-2.49062
-20.4537
40.7105
-37.1857
52.7876
-13.5863
-13.4344
104.758
3.96841
-0.249541
42.4244
609.157
67.1221
64.4951
43.6172
23.2212
15.3506
0.953791
127.88
-112.845
6.9077
46.8079
18.4682
-61.9411
19.783
-2.14338
-19.1311
-50.4674
164.068
0.410226
9.69999
2.33659
-18.6939
-11.1966
36.3039
37.265
48.6689
-36.8685
83.4734
-31.1479
53.9319
22.1623
42.3111
38.6946
-17.7711
57.2991
54.8312
-29.2601
-17.1532
6.58308
-13.3551
26.7126
-23.3988
45.2091
100.511
8.08247
32.0663
237.703
22.03
244.368
11.9646
47744.4
-132.002
-340.189
32.1453
-3.09599
-4.28955
9.64854
99.9533
-58.2475
-534.813
-62.3555
26.4552
146.932
5.83345
-33.4873
-163.894
-25.1426
-0.15295
6.15868
-562.148
-29.8722
-104.878
-6.39255
-108.257
42.5068
14.758
70.3204
-8.57252
23.6451
-52.2379
140.623
-72.763
-163.628
-22.9141
0.778483
-61.8198
-43.5437
-66.531
16.5447
10.5588
12.6061
-8.685
12.4712
-20.0758
9.35709
-105.885
92.2799
36.8642
-90.3183
23.4571
5.28668
-17.1189
-1.49501
-9.48109
45.3607
49.2255
-2.55578
-7.00034
15.5951
49.1646
25.3268
5.80202
-27.9856
2.01795
-2.28119
146.903
-75.2166
1.20216
4.92442
52.1694
-395.349
704.827
4.45894
110.449
-40.2401
30.4516
60.2987
925.021
23.3693
-58.2452
9.67647
44.2406
-180.08
15.393
51.4183
-48.8899
15.3928
-22.895
1.24385
-0.0474642
7923.1
1.58971
14.583
3.9048
33.3393
-53.0122
-21.2772
37.3702
-53.4595
5.35066
-202.347
-131.305
-351.469
-5.63526
-92.3194
-771.127
383.211
22.7854
5.29736
-43.2751
12.1955
5.57737
-30.8009
-19.2321
62.9154
0.170311
-675.269
-310.732
24.6462
103.927
76.5843
-67.9906
-6.38926
126.08
139.303
3.49902
6.21126
-26.4103
-37.777
-52.5463
-97.782
-35.3565
-161.181
40.8913
61.5783
41.7296
-25.4447
-179.209
9.60786
29.5368
-2634.75
26.6764
-107.124
-42.4157
-17.6469
13.4894
-107.736
-48.3969
-13.362
-9.90472
109.938
127.352
34.748
-13.474
-14.7821
-192.939
-152.856
-27.7897
-10.0945
-14.8992
99.4734
-27.7551
29.4321
-1.72396
244.621
30.3146
-64.862
-69.6368
-6.5955
-0.0019621
22.6374
36.8428
-868.855
-50.9905
8.08966
762.893
-89.4085
-7.11004
46.2469
57.1849
-102.233
-24.7664
-29.6294
47.2716
-416.776
-139.521
-66.6428
-14.1612
-132.818
10.0959
-6.61364
2.40755
185.152
23.6011
7.00745
19.8097
-13.4904
45.5431
-4.65056
-22.4172
-14.2805
-71.0666
0.771945
97.7635
-3.20614
-9.94089
-5.99311
-4.10893
9.8689
51.5488
3.54231
18.9166
-5.25864
5.64945
-11.8902
-17.0711
0.781634
-19.9593
54.8671
-13.2165
-74.9753
24.659
18.0723
-41.0109
-146.072
-75.5847
6.82208
20.8701
62.5652
-57.7241
-82.1644
-57.7241
36.1833
43.2684
18.8975
-23.198
-48.7605
37.5615
-28.5942
42.6165
-38.5842
-25.5219
-17.154
94.2312
56.8922
143.041
-3.84346
1.09842
248.673
23.2878
41.0642
-1.4276
43.722
-140.531
-8.07578
-42.1381
37.571
-4.25371
-17.4366
50.9214
610.784
17.0613
21.2158
-12.8156
-43.0061
-3.15188
-50.8926
-31.629
-90.4931
-346.263
52.5389
-34.5615
-12.8271
12.1557
-20.877
2.75905
-17.3089
19.3616
532.043
5.92014
13.5552
97.9081
12.8892
2.22407
-70.0195
-27.4179
80.3484
64.0895
-10.2145
-287.453
-41.2616
-206.359
-11.1057
315.524
50.048
-11.6769
-9.72843
-19.7578
-24.6612
-14.4622
11.5868
-26.0917
-48.791
-34.6174
77.6748
-3.50372
-34.9739
-20.2791
5.24853
299.61
-26.8402
15.1235
3.61618
22.0578
23.696
-152.453
26.7612
-1.44176
-40.3588
65.6429
-2.03593
-115.55
12.0949
4.10579
15.2477
755.755
79.9429
-232.975
-1931.73
39.1565
0.962543
-10.4935
116.986
-1.94805
-34.5925
19.8379
-1.80079
14.9415
-3.53591
-4.21478
-30.515
-0.25767
-81.1683
-8.29064
10.3817
-82.0287
12.3502
66.229
-9.62372
18.5774
36.311
18.1944
-81.4552
0.871328
-52.6389
-1.67125
-17.9842
-2.26965
45.1598
58.6084
35.6194
178.441
-27.0681
-33.0281
-103.585
23.8754
15.5855
-12.035
13.398
16.1347
22.1233
-22.8852
-139.686
19.8866
131.628
-72.3147
64.7682
78.0415
-685.164
37.0975
-7.19339
-3.12909
-42.3965
110.306
-188.161
12.2322
32.0519
-229.483
13.802
-17.5369
-5622.69
-50.2842
-90.7213
-12.1078
-94.0365
-514.92
-49.9066
-146.426
-20.5381
357.565
29.9246
61.2688
-30.9932
-334.948
-194.782
67.9402
92.4708
-72.326
-36.1581
-66.9328
76.158
26.3222
-28.1532
16.0542
84.4877
-11.3095
-75.4366
-30.7409
64.9116
-4.98833
-86.4949
54.4542
54.8989
-3.59741
9.66781
-6.11889
-6.83346
9.61896
-16.2573
-22.8418
17.1068
-38.3601
45.9085
84.7713
28.7663
-52.9658
24.2687
0.398734
40.7846
153.779
0.695447
-0.731883
51.3986
-0.7947
-85.6183
15.1992
-3.06671
-11.7205
-15.7134
-86.901
91.2145
205.767
-6.51385
24.217
-232.227
-66.3485
-28.2879
-3.49199
-50.6012
-103.354
-17.8937
-14.1184
100.672
-106.91
27.8036
-21.4329
112.526
-202.959
3986.28
43.6499
-8.25603
106.424
33.8381
-59.606
-37.9585
-17.117
-23.3773
-15.2077
-4.89799
435.262
13.5871
59.6385
-6.26309
-175.337
-322.815
12.9872
-56.3762
-3.57024
28.308
257.381
-1.65491
75.2866
-972.201
33.129
37.4007
97.7144
57.9391
248.695
-48.5675
-3.74264
49.9024
117.542
-672.769
256.154
109.346
6.85996
-43.4716
18.7944
50.6768
32.56
-2.60231
-24.2126
58.212
280.997
9.16024
-1372.87
74.594
29.115
10.3215
20.9006
42.6752
26.0588
53.8415
-4.40825
-34.5313
-9.68248
-6.3793
-40.9574
15.1012
-18.9837
19.2671
26.9355
24.5375
-27.6585
771.348
-31.9
-0.536491
-20.2865
-8.32084
7.01145
-40.7982
7.05331
4.26403
-141.685
27.1759
-42.8372
-34.6196
25.751
-6.48566
-46.5818
4.07025
-2.52266
-86.8448
118.724
83.0239
65.1595
-36.1022
-18.8242
17.5517
53.0582
0.416281
-37.1637
-10.9062
138.83
-34.4972
59.5817
25.1366
66.623
42.7055
18.3829
28.8519
8.12144
-38.7368
14.2457
-16.8663
35.2428
-39.3147
-15.1706
160.134
-52.2076
-76.0364
23.364
178.408
10.1938
-103.94
0.183666
-8.14495
7.12756
8.11151
-90.4848
55.6103
-59.7138
24.7866
23.9755
8.12945
130.526
-9.98847
-22.3916
82.5672
5.11851
14.2399
476.16
-45.6927
-229.919
-184.003
-71.3416
-20.9744
13.9098
13.6005
37.7907
85.27
7.07171
-11.1872
-25.8112
-126.252
37.1039
4.11213
102.949
-17.672
7.11532
-13.4883
11.3837
2.00282
-17.6175
29.6981
100.506
-24.8956
-63.3726
17.5875
-19.5775
-607.917
-528.188
6.32626
18.3048
444.401
48.1863
5.73679
-7.66783
2.21585
41.6202
29.3207
-12.7625
37.9732
-5.10176
-49.0528
-283.337
18.8345
-14.1075
-30.0344
-8.53858
1.68397
-52.7376
-16.0871
-51.4352
18.3452
-43.5598
-14.9235
22.3127
37.7331
-7.78474
-4.10423
-44.9314
562.925
23.7991
12.6028
-22.9705
59.3969
-78.7332
-113.22
-192.519
53.4137
360.102
1539.4
65.1618
3.07194
-9.51536
3.0408
-0.935287
-34.9778
44.5806
52.4736
-23.4166
-60.6326
15.7111
43.746
-610.49
-54.7001
-13.5175
160.1
-12.3623
35.7419
15.5913
-1.86528
-49.9479
121.688
28.0478
39.982
84.3913
16.5305
-8.36395
16.1692
17.8763
-50.428
269.129
-13.5564
25.0787
150.786
23.199
63.6096
5.04845
-63.5818
-28.4661
516.52
158.265
10.5767
-97.6656
65.1595
63.215
-35.4326
-263.826
22.7283
-136.262
12.4613
-32.1853
5.00163
-15.5665
-31.9431
-3.14726
-6.63535
51.9731
38.8161
-24.1047
12.573
-126.791
-9.96921
-119.106
-40.9268
-69.0862
-10.3144
132.732
-105.135
24.7885
-31.8305
-10.1061
67.0375
-902.354
-56.2738
-49.1624
-58.1592
16.807
10.2126
49.8405
-85.3252
13.4365
-72.4899
21.1836
-135.654
-38.1547
380.363
68.4271
-52.2021
-2.13209
-84.7208
-9.30013
103.46
-39.623
472.484
-21.8533
32.2352
-117.133
-866.601
10.7385
-248.756
-19.7565
12.5388
-388.008
45.7668
37.0508
-11.6177
-27.0343
10.8663
-4.62361
78.0011
-235.926
42.2555
-0.827728
-0.0303233
-121.345
-19.902
-12.7429
-53.6625
-8.75296
69.7024
-33.9671
-23.8077
123.211
-90.7586
28.5826
-10.5275
89.5699
-197.582
94.875
181.89
-32.9775
-7.80963
-368.109
229.158
0.390646
-22.658
0.399125
56.7944
32.5803
3.8065
106.468
12.4961
-0.369607
-171.1
26.8276
42.5305
4.74289
10.309
-2223.25
20.3328
27.072
-6225.84
-10.4566
-74.8463
-18.4472
-48.6915
69.8308
-29.8956
8.76865
17.5338
3.68368
866.464
58.108
49.2654
0.769938
-34.4086
-28.7541
455.38
2.14571
-42.318
18.2093
-18.9546
-21.4119
26.667
-8.48501
8.62094
-5.42081
-12.9902
-8.53864
-31.3773
1.56934
-11.7229
-122.395
-11.6299
-49.8895
-61.8952
288.396
18.0644
-13.9217
46.2629
31.835
21.4404
8.52915
203.176
235.831
12.2385
0.154293
20.4297
-8.93173
-8.29082
221.899
-10.9645
-146.254
-57.8241
-31.3842
-127.288
-48.6432
11.372
3.88639
26.8995
54.4717
160.454
-17.7194
21.3723
80.7021
-1.9411
-24.9734
199.73
-56.438
34.0378
16.9505
-111.807
-10.3079
-15.2406
-64.1069
-4.92808
70.2658
-23.6186
32.0246
-19.6357
-99.9521
-100.311
-27.8759
1.50946
10.5311
6.17595
65.3447
-33.0756
1.26794
-18.3077
-31.963
20.5767
54.8082
-7.16842
19.084
-42.5196
51.8316
17.381
-2291.48
-20.8474
16.3077
-97.3115
72.1247
241.846
2.50832
43.396
-42.5501
-9.64682
68.162
259.211
-19.2206
-29.9021
11.5052
38.1223
-30.8752
-31.4124
90.8398
-947.032
-43.3253
-8.7869
32.7917
-88.0043
23.7905
-71.8458
-127.58
28.5145
-15.468
-56.7146
174.42
-31.3501
1016.94
-37.9866
-2.73217
13306.4
-35.3005
-12.1267
-141.211
-18.4289
-30.5108
-397.074
40.7581
22.7939
28.3356
8.05081
211.406
-59.7958
-13.2444
-17.2082
60.121
-219.628
4.53268
121.454
-34.2808
24.6991
11.541
-3.45845
-35.9796
-15.1798
-4.16387
-22.3781
11.2482
-4.10729
182.844
-27.8033
174.583
43.0482
-130.197
-1.73722
-142.665
-75.3913
10.9137
42.8579
-37.8151
-18.7394
155.261
42.6602
-641.419
-126.431
-195.835
-19.0885
-1.39228
54.8582
21.501
21.6325
68.5818
-9.7829
52.4921
54.7749
-865.971
9.70273
-11.7743
-35.8965
82.9447
-17.8636
2561.95
-6.7247
51.2965
44.4117
602.607
-7.36311
-2.34277
47.6166
-26.8987
-3.8277
16.9242
14.9069
-32.7334
36.7869
-10.9665
60.8419
-11.2491
-35.6807
-73.8529
-160.948
-47.2104
186.729
54.6523
100.478
385.482
54.4308
33.498
11.8997
-39.8197
-4.50257
-78.3754
-15.166
-23.8346
-33.5601
-10.5415
10.1295
-10.3959
-150.636
10.703
268.801
98.0844
43.4226
259.085
-8.93043
34.2693
563.779
-9.84777
225.455
16.3724
-8.80204
62.2379
44.1433
-8.58039
13.6554
6.81165
-56.3268
-10.6693
43.1633
-2.0529
4.46211
-14.5974
5243.82
17.0747
-0.0933793
14.923
140.481
-12.2093
24.7303
8.78848
10.3301
40.1718
-17.5931
-1.33032
55.6206
-74.9614
106.372
-6.62753
548.74
-83.4705
-30.4474
-2.50637
-965.832
-36.7895
9.11186
-77.4713
28.1822
19.4243
-133.029
15.6172
288.731
-26.8374
-3.33424
21.8815
-14.8197
-35.8406
-44.7765
445.762
140.141
20.9789
-37.4045
-138.661
-87.5245
-29.4068
0.952004
372.094
-2.24844
1857.38
-205.002
48.3525
20.7334
3.22623
33.8106
180.725
3.1367
48.2546
-40.7662
-58.3906
38.8028
24335.2
-48.5617
-63.1847
-10.2249
81.2435
-16.5177
18.7823
33.778
-52.3337
151.256
29.9976
-100.816
-57.5822
-1.48448
-71.5603
-59.4015
27.1293
-58.8083
17.6708
-5.25101
5.89955
-12.0134
9.91668
-138.622
91.7768
-27.8702
72.0843
32.9019
1.81704
-23.9716
-172.298
18.3322
19.1052
-1.874
35.2621
97.8579
-30.7348
135.436
-18.547
-0.538337
-15.0412
-4.29793
-1.6621
71.92
-5.70938
-38.4486
-24.9004
12.8541
8.13315
1.06919
56.0335
116.167
-15.1291
-74.0291
3.10214
-31.7276
21.8494
3.20136
9.25583
-9.76035
-31.3884
-15.681
122.781
117.848
165.334
11.4335
232.832
-237.309
-84.4903
-0.297242
-109.922
-3.93628
48.2346
-14.7492
-24.4851
60.2781
-59.997
13.9635
-4974.87
245.736
-23.8057
-12.2043
-56.4426
-3.51311
6.03801
82.6736
59.82
137.65
-120.01
-32.8393
-9.86597
-120.328
50.8207
31.1604
-15.0623
-21.8761
-3.15382
181.846
43.0557
13.7124
-96.8426
-1623.7
-26.1306
5.76534
3.35933
50.7346
34.4953
30.7453
42.2769
140.191
-23.1473
18.6526
181.558
-433.285
83.3629
-71.7376
-4.96126
-144.236
178.911
43.5251
-21.0211
20.4838
-71.3946
-2888.57
37.9085
-3.25365
-2.27288
48.6525
17.3382
-11.0653
22.805
54.6393
112.997
7.20097
-32.4133
13.6683
135.727
152.162
201.149
-63.7705
32.4149
-121.658
-108.899
-5.15037
-73.4172
-17.1486
29.6962
-255.694
-59.516
-82.8764
-71.9937
25.0946
-16.3618
50.2484
22.945
-7.62494
28.5674
6.51951
4.22461
-3.79854
2.08016
-15.9417
23.1311
164.135
-24.1514
28.6285
-8.14048
-28.4307
13.3485
-168.093
-145.308
53.7832
-61.2246
-6.99608
180.293
-24.5619
2.25052
4.06515
128.038
-61.2564
-227.286
-273.952
-24.1362
5.12482
71.961
-49.6259
29.8303
69.395
-36.5765
65.381
10.8753
18.8361
2.67641
16.0536
-73.2159
-29.6351
2.53869
-25.7864
-0.995224
-20.9707
150.174
-1402.05
-17.6995
-5.80502
256.366
931.112
46.7789
3.07659
20.2771
-162.527
12.2886
-3.55537
26.3167
22.2873
-82.9302
3.40772
-70.4679
8.06864
25.111
93.4635
-135.645
8.45786
-36.8999
-26.3811
42.7708
-30.5154
-0.0447289
80.8958
-1830.76
-63.5998
102.848
-39.3008
4.62971
-10.4618
23.2144
-105.157
-15.0299
77.2509
-138.731
3.45127
1138.12
-3.1625
681.763
-88.2028
70.6443
34.4391
-184.707
-43.9937
-40.1536
-19.896
0.713766
10.6336
13.9298
37.4726
7.84924
-10.2379
98.95
0.859723
11.2079
-35.7123
2.08461
-359.848
-6.31676
-816.914
474.252
0.398105
-44.7972
29.4598
-50.6251
-29.6642
-16.5868
-20.7091
34.6833
22.3528
-13.2718
565.014
-20.6187
-2.40999
98.6829
-129.725
-13.0313
-138.617
-95.9992
107.314
-15.9181
819.551
-78.7749
32.9151
-12.7799
74.9609
-158.296
-82.0665
22.781
-44.4802
-38.0241
-9.55946
46.2006
21.662
-35.0586
-181.564
-112.942
-28.1708
-59.3614
52.554
-154.565
-31.6987
95.4959
7.94214
276.445
83.0692
42.2633
-9.80695
-12.1037
82.6681
-45.9173
-3.62548
17.2858
-14.8742
-11.4211
-53.8207
19.873
-86.1333
-81.0776
-35.1066
10.6083
-3.32728
-325.375
-1.73826
-13.85
89.196
5.34895
18.6672
-30.424
-1.96818
108.856
-106.749
-46.0726
1.37762
-42.3842
-19.512
10.0766
-27.9813
-3.27723
7.17747
127.664
-33.3749
28.6418
-32.5153
11.4462
-10.3326
6.78388
66.7469
28.9814
-21.8277
-57.189
-123.997
-93.9089
36.0871
-55.635
-0.915667
1.54019
4.22922
-0.389162
-981.496
69.6942
37.9015
-8.81875
-132.198
-55.5876
-4.19622
-125.709
34.4685
-72.8566
-17.5519
100.101
40.0604
648.099
-73.2908
-140.433
47.8036
-33.5182
-210.388
16.8341
13.0091
31.8165
-34.7034
392.005
-6.35669
-5.66952
13.8426
18.4411
-80.5808
5.64255
36.868
113.87
-0.38746
127.717
14.5476
6656.75
5128.75
-12.2272
23.3077
-47.7283
-44.2637
-14.7137
-4.41301
-34.2092
3.99188
40.0909
4.79876
-6.85829
-2.22041
25.5637
-21.3576
7.31487
84.3376
-45.1553
-71.8092
-24.5345
66.9768
21.4595
2.12836
25.9816
42.7713
-60.8782
550.618
163.095
-67.3751
23.5907
13.7197
39.6166
7.27986
4.36666
14.9909
-213.464
37.5898
-11.8223
-19.5134
-34.445
-1.18978
57.5968
-22.1772
-2.23485
69.1643
-12.6556
35.0893
5.49358
-121.874
-121.088
-6.62585
-59.1974
11.2941
-19.8739
-687.681
-37.9123
0.185661
-24.9604
-5.11414
270.775
3.87264
-60.8656
-54.9037
-13688.9
-64.4345
98.0438
-157.491
-4.89322
106.235
-44.0957
4.03189
-65.5292
42.7538
-30.751
5.80946
8.24563
-21.8162
-68.7229
-3.37007
-50.9321
-15.2262
-74.2382
24.2832
-88.5338
4.01166
-6.41085
16.0985
-108.037
2.62538
-26.8836
70.7863
-45.7646
29.1218
47.1692
13.7593
49.9633
33.7233
4.85516
653.77
-26.2684
-5.38336
-56.3087
35.3118
29.6182
-35.5645
-58.1676
-11.1517
52.604
-14.617
34.1051
15.7533
-49.3252
-3.69214
6.93005
121.881
-11.843
137.81
2.08616
14.3975
5.76636
61.6984
-27.5514
16.0085
511.701
19.8938
154.923
12.371
-5.7941
-33.0496
-29465.6
-9.80831
27.4525
-20.4856
-7.06244
54.8081
84.9518
154.723
-23.6755
-13.4434
15.9971
130.416
-111.508
-19.0325
13.7504
27.5866
555.354
-14.7302
68.0006
55.2712
21.2744
-47.4606
-15.5682
21.5713
53.7922
18.611
16.3579
2.46632
4.9592
16.8215
-248.194
-375.936
-31.4411
10.7191
-0.458589
-254.675
630.723
20.1982
10.2366
-9.28138
11.6673
-7.01659
-107.632
-7.12069
-14.0551
13.8982
-11.561
67.6415
-10.3649
-1.76185
-27.24
25.6333
-3.08962
-11.2973
-4.27526
-1.51363
5774.97
12.6997
18.8025
-9.71777
48.5881
-3.87486
-44.0056
44.7883
-48.2564
8.71816
-68.9998
42.2475
-59.869
-7.44906
-33.064
-504.606
-105.438
-19.6404
18.2371
88.3884
-81.2019
-20.8281
-11.1435
-13.8559
-6.02564
25.2786
-0.786661
-61.8851
18.2086
-15.6732
-7.02256
35.4983
24.7579
62.5246
-155.841
33.9652
18.6394
-33.8676
47.4755
24.8073
750.286
-29.6322
-64.8571
-90.7905
86.8892
40.5727
100.328
-113.561
1116.7
-1.79331
889.043
-15.2788
6.74426
107.485
-43.3114
100.908
-37.3805
-108.505
38.393
-0.95816
-15.9304
-13.649
-2040.82
-20.3839
-23.1391
-0.97067
-6.95117
78.7674
-22.8728
-140.071
-1251.78
19.1051
2.64227
-0.410372
256.101
42.4143
-4.40389
15.6434
28.2514
-127.19
-60.9871
1.91737
-1.60808
12.4156
370.632
16.1567
-229.809
-6.27252
-8.37633
-8.85845
-53.9992
47.1575
-352.873
-2415.09
-35.4885
9.51694
17.3476
-547.73
84.8711
46.2413
-5.92757
-5.75457
-275.178
17.4328
67.8208
2.85749
8.4698
-104.65
-3.46061
6.86471
-21.9853
24.5851
-765.209
-17.1393
-62.4458
-46.5438
-126.294
20.0449
-1055.73
-117.675
7.04621
37.6451
9.26936
4.55799
-177.346
29.3375
34.8614
15.9338
31.9035
58.1501
4.01055
-53.7733
-55.84
0.821309
14.2816
95.4456
54.1045
-68.7146
93.2127
144.598
-5.69432
45.0377
47.9019
39.4973
5.38939
19.9213
-19.7221
22.6897
-53.8893
49.5896
51.4782
125.28
11.4603
-74.8532
-35.2121
26.7598
8.00389
-6.03617
39.4329
6.97098
43.1567
-28.5409
0.611513
8.08165
-4.22069
-34.1248
2.1556
-2.77972
54.442
-60.1856
-103.011
-14.6789
-7.73162
-5.23373
-113.746
207.603
-24.0213
100.208
6.80391
-26.3429
-64.029
-0.13158
10.7979
-200.978
625.04
133.779
-215.914
3.05286
9.01121
36.4553
308.151
23.0699
-3.71294
-26.5999
-63.8732
315.522
-3.7113
-1.00986
7.91033
-155.183
-273.209
-113.809
30.3854
102.864
-15.215
6.13471
207.769
-40.228
50.3529
-57.4275
-25.7642
33.4978
-1025.69
44.0245
-24.2662
8.55255
8.69544
-5.19074
662.378
-48.0251
17.5336
-639.736
27.7048
196.399
-65.705
-164.229
37.4106
95.4278
18.0175
50.7866
90.6989
23.9063
-18.2967
26.6533
263.285
-9.79366
-7.00055
-276.868
-247.047
-3.14964
-12.6652
-174.653
-24.7681
-84.9983
114.086
-143.063
28.3518
47.5879
13.5436
34.1432
13.5044
186.265
-26.9723
198.268
45.6411
-111.061
23.0394
103.908
-203.176
-16.434
-66.6133
-28.1859
-3.5652
-154.305
-26.025
13.5614
-281.459
-116.527
-46.2833
1212.81
7.5383
161.983
3.23087
-0.412261
63.6846
0.375431
13.3084
-37.3037
150.182
13.1151
-17.1737
-16.3212
75.8449
55.778
72.3108
-43.0551
11.2675
-460.824
-54.177
-22.2927
-60.0246
98.0965
32.1383
-5.10663
-9.13861
-352.264
1.99133
23.4314
-37.2218
361.431
-47.0045
-9.70965
-88.0233
27.8286
-91.7134
265.985
24.0195
53.232
16.5621
-20.3433
-179.458
33.1636
2.43539
-20.7912
27.4884
10.95
60.5262
81.8154
70.8961
41.398
28.9079
-37.9069
-97.0129
-925.786
22.6062
-44.0713
-24.3939
63.9687
-22.3828
-17.4452
1.53888
-5.61997
-2.18189
19.2684
7.82094
13.4774
-18.6869
32.6004
-16.6662
-47.7939
-12.0434
1.62241
-6.68105
-67.366
56.5117
-91.6168
26.4908
13.4172
32.9804
-4287.33
-58.6412
13.9574
2.60683
25.4401
5.00653
-47.1055
-55.2308
-20.5553
28.2231
361.459
-251.2
-52.6048
-19.7827
-11.7099
1.61642
0.544967
-13.7411
141.512
-23.6399
-480.602
-0.164932
-6.37865
-65.1822
-10.8437
85.7459
1.08331
5.7358
20.8467
68.9665
-39.8482
-130.146
-50.3621
-60.6227
-1.45664
28.908
-90.5402
6.72689
65.1971
44.8342
-5.33978
37.741
28.9804
-0.663585
-127.397
-9.07936
19.5813
-60.5872
-6329.04
-0.989372
-27.6208
157.543
16.3034
-7.40523
-59.9927
-40.9119
7.73181
42.1638
11.7378
-58.4047
15.6187
10.2149
9.77671
50.2409
17.185
49.5218
439.946
-1653.59
108.141
-32.5915
-5.34869
64.8381
-9.48041
63.9502
-10.2677
-138.366
-32.2713
2.58686
262.37
-9.25701
29.7266
346.485
-49.7741
-44.773
5.84356
-210.852
-15667.3
70.1223
-1.45827
-39.3882
6.18568
15.4857
14.4883
-102.913
-14.4386
104.67
-41.7034
-41.4771
-22.6623
92.7743
9.73305
-30.6153
35.595
59.4587
412.306
420.631
46.2966
220.566
-351.909
10.9871
14.6982
-56.2456
46.0983
3.0844
12.4469
-54.0165
-10.0946
12.9913
-5.69567
-2.55566
-50.4403
-4.18685
-53.3454
-45.4057
-144.738
17.3582
-28.7384
20.0495
8.88694
68.571
232.3
-1.83495
-124.657
-21.1681
8.70506
-24.9959
184.754
-29.3533
108.083
-28.6591
-52.4397
6.19839
31.1916
-1.08174
-26.5655
30.0844
8.14513
5.91506
144.009
-12.3115
-5.52574
-9521.34
45.7729
-143.648
-7.33631
-530.412
35.7637
-34.2356
-2.63276
1.6253
50.413
10.487
-194.638
139.988
-28.5846
-3373.29
164.524
21.7466
-32.7462
55.7948
-8.00662
18.5261
9.66776
-500.141
26.3791
39.9025
-53.7419
16.0828
-6.05839
17.5761
-114.298
0.0654169
35.8847
-9.95653
32.0863
-22.5611
2.58519
-593.227
-90.9329
97.6805
255.089
22.6554
24.5354
52.1916
-198.723
0.0388306
-7.09022
74.1532
26.434
14.9939
-9.4817
8.6454
-19.4546
72.9364
14.7037
-98.3859
-3.95296
20.107
3.53031
16.2179
-10.1368
-30.635
-16.7228
5.56365
-20.8408
98.3249
150.402
12.9143
644.97
115.668
-139.792
16.8629
12.6986
37.4795
162.762
34.0373
19.9999
28.4095
-40.4282
-49.3895
17.2975
-32.639
-55.5879
64.4432
163.256
1.83705
-84.6884
25.363
-9.85957
99.0922
77.9551
2.98695
24.8034
45.5855
-64.2297
519.9
29.4794
19.0879
-12.6423
-13.0925
-1.70459
-17.9691
-34.8934
-7.52748
7.62925
54.1938
38.6867
32.2629
10.2069
-88.5553
-289.975
70.7482
-5.25361
1957.94
-2049.26
81.1221
0.240582
-30.1393
28.7538
14.1697
-76.7508
3.6838
-23.9998
52.9306
-51.2161
18.2817
-35.2781
2.37522
-54.7149
24.2402
74.9618
2.90177
-15.9093
0.856632
-14.3416
-177.301
30.5099
27.517
-23.5743
-6.86004
-3.77371
26.1984
-1140.05
-28.9305
129.905
170.543
-126.994
1.3207
413.853
61.0754
-295.747
-24.3174
61.0075
-31.4155
29.0525
-34.4104
-13.3627
-27.3919
-15.0844
-9.46516
30.5108
5.57385
-204.033
-11.3922
41.4991
11.7423
336.185
85.3468
-48.3134
-225.671
10.7085
94.2694
24.967
-52.8442
5.71527
-8.05397
-17.9556
461.698
3.05076
54.6584
10.4336
1.16702
5.45401
32.1998
21.1109
-44.8131
68.3638
2.08432
1.57151
-431.637
-172.012
26.2611
28.7622
12.5891
-58.4757
-34.734
12.5205
-2.69423
7.72181
-13.7503
46.3095
-85.2831
-22.8721
487.713
-5.88661
-22.4892
15.7822
23.7274
-25.0197
2.97719
-1625.77
-160.46
-180.158
1389.04
4.94442
-35.4882
23.8602
-7.49684
-28.9681
47.6691
-17.7609
-44.4617
139.981
-42.4976
30.4913
20.9646
-34.6979
57.6882
-39.8556
-5.03992
81.5448
-92.9477
78.5691
148.666
-96.4232
-0.752405
9.53125
-4.15962
-16.851
-4.50363
-8.41963
-1339.6
11.1767
16.3197
-5.67005
37.8441
-4.26078
105.727
-3.80667
-167.005
-26.7742
-3.02719
-93.0301
149.792
8.3516
-15.6609
49.9738
64.223
-3.7297
-14.0454
777.803
99.84
-28.6744
6.70839
47.9301
222.148
75.0129
3.85916
135.459
7.1333
-15.6768
-2.51569
-71.1574
-11.7372
-20.7335
-27.5453
-747.338
6.43763
-18.2557
-205.213
35.5362
58.9394
-30.4583
14.3579
10.5057
6.04087
-9.9053
-26.2797
-128.705
40.7407
21.3425
15.4522
-16.242
6.58358
-47.0145
20.3027
-52.5837
-30.4107
76.697
-47.3733
-22.7594
69.5099
445.303
-17.6202
66.8963
-116.607
-2.82855
17.8169
-68.2195
-11.1684
105.851
-7.37914
-3.15147
69.0685
-4.948
-48.9963
-25.1425
-5.04937
12.0236
4.6882
18.8913
36.492
-10.1159
-13.5432
-15.6664
14.6422
4.49158
-49.0804
-1.21677
-15.0552
90.6608
70.2711
5.87685
20.248
-163.637
20.6604
-54.3527
41.2261
15.3758
11.1807
10.1009
-1.89485
-135.693
-36.8431
-14.2156
10.4377
-12.8085
-29.6818
-44.2725
-27.0029
-56.9223
13.4117
8.1126
1.63255
-17.0931
93.746
28.7819
5.92675
246.493
-358.39
-10.9369
15.0346
235.806
-901.738
-89.7484
5.34683
8.9234
978.551
-22.6962
1.37009
-213.517
585.197
30.9373
-29.1198
178.026
125.919
-408.5
-93.6649
43.4388
-91.2075
-17.1226
-130.198
58.6703
-7.40715
18.2405
21.5856
43.8513
-70.9107
-0.525751
35.3366
35.9483
-189.959
-44.539
85.4449
39.3014
-231.217
73.6113
22.0554
9.3833
2.02181
107.453
-72.3443
-32.2549
-13.2171
-12.9105
-29.146
-42.9566
9.66414
232.25
-12.7161
-3.1541
7.43987
60.7542
21.0916
-72.6151
-40.8848
-63.7661
-27.9403
50.8967
-105.829
-0.573867
-16.81
41.7153
-44.4393
36.7628
-1609.82
-80.8542
31.177
40.7881
-27.4466
-14.0128
105.561
-7.10113
-49.3284
-126.3
5.49436
5.61326
-70.0586
9.76511
-18.8678
37.0172
-0.721904
10.964
633.177
-19.9721
163.506
92.2703
803.549
-51.1389
24.4348
-41.553
2.46197
40.9472
-287.041
4.14553
6.10632
-15.2962
94.6688
-25.5944
176.062
20.3371
20.122
7.52488
-113.797
-335.668
-34.6146
-20.663
-66.1125
-178.301
-60.4663
1.33646
39.0279
1.07996
57.1263
11.2565
21.1276
110.069
-38.3324
38.3923
-10.9554
-50.7603
-33.4796
34.5046
19.1908
-31.2648
207.309
-4.28198
-28.7905
24.8963
-29.1469
8.52554
124.039
18.4972
6.43489
-1499.73
-37.8268
-40.0456
-22.568
-29.7908
-12.4413
72.1123
-54.2909
-129.472
-21.4867
42.4223
-29.331
10.6402
12.6651
-93.6292
-41.9454
71.4674
-1.92536
-42.2815
136.977
49.6973
-161.424
7.63515
-582.513
9.76337
40.072
24.1733
28.1158
-51.2769
-15.8242
3413.68
43.0783
-313.73
12.975
-192.431
-261.839
-116.258
2.23347
-20.2922
3.74202
60.927
4.01601
1125.64
-107.864
-17.3234
-17.3367
-6.41222
-26.7421
-24.3957
72.3925
-49.4619
25.579
-63.8791
333.025
-58.8682
-41.6289
-55.2058
38.6387
145.765
-28.8533
33.5422
76.874
-144.852
8.69974
3.38862
62.4908
-78.2996
-41.612
-112.618
28.6728
6.11637
-70.3896
-36.7552
-18.121
19.8886
-78.3826
-18.5455
71.0133
-14.7401
23.2148
-42.7731
-140.839
19.6145
-19.9218
-5.57911
75.5702
14.839
58.2746
-40.3949
94.0323
-52.6783
-51.3625
135.83
-138.312
-43.95
2.12896
-53.4726
-37.1863
-2842.94
156.473
-12.8791
52.0716
-195.368
10.2295
518.566
1.17706
-145.674
-36.9898
545.992
-35.539
-34.2707
33.4894
-3.93799
12.3581
38.0685
16.5765
1.71879
2.71159
40.0114
44.9335
173.786
-12.4034
-3312.16
-69.1239
188.786
-24.6135
-269.624
738.459
616.733
140.4
-53.1038
117.213
31.5101
-18.8937
33.8666
-3.63841
32.7739
155.538
201.538
366.514
-12.6704
70.1268
12.8949
253.367
24.0771
-1.49456
-0.20314
-27.3594
-11.2956
-11.62
1.65576
12.2934
142.094
20.4836
-12.7456
2.1515
17.3162
-16.3301
36.1546
-17.1443
-31.3922
-1387.35
-23.8813
-26.9286
71.2898
85.5978
-50.4575
-18.1034
-9.23188
14.3677
-99.2209
-313000
42.9115
77.7142
167.534
5.06828
-12.604
-55.488
3.85513
26.2762
-114.214
0.392661
-16.1298
-24.0894
57.2139
45.1949
-3.70395
-110.502
83.688
-15.3442
112.666
-8.08533
-98.6471
12.349
536.003
11.4181
65.7699
9.48984
10.7353
0.372664
-176.759
66.8019
-60.1498
-32.5693
1.42716
407.079
-52.7972
-0.40934
-47.5447
38.0266
57.8977
103.537
74.7469
4.16507
-44.5025
-2935.84
-788.38
32.8172
82.8903
-89.01
55.0365
-161.315
-5.24454
-7.79273
5.66797
1.0303
-8.21887
-97.7909
3.23253
28.7803
27.543
-65.4573
92.7604
-12.5594
4.23026
185.755
-38.9799
-14.9627
16.0927
42.5836
61.5915
9.50681
211.892
209.067
1.99606
-6.55697
16.7129
-23.3008
6.5236
21.2731
231.171
-3.06638
110.718
-44.4011
13.6945
-10.2611
276.669
67.3714
-39.3969
-59.8035
-13.3233
-50.4892
-123.042
-4.52653
-30.3322
29.6617
-174.017
-52.1131
51.5587
158.222
-119.497
-470.393
3.31736
-19.1075
55.1961
-56.5139
-40.9335
5.169
-37.3194
-53.5398
33.7186
-26.4751
44.8088
30.6185
-162.361
9.72281
-18.2055
27.0181
3.7822
124.917
-194.942
-32.0161
-46.2755
14.6282
76.2441
21.7273
25.1534
-58.7135
19.9247
69.7887
-0.841871
18.8092
-51.3184
-81.8562
-7.22423
683.606
-34.4393
-11.4709
-3.20183
93.0663
6.80054
3.64759
-34.968
-81.1929
46.74
7.34352
3.14408
140.731
-5.70326
-156.509
-547.463
-13.6659
28.7417
-50.5302
-50.4403
117.288
-90.6713
10.2029
-2.4144
6.44818
3.24105
-35.7499
48.3609
-47.7522
-8.36603
-76.3207
2.37934
36.2364
-7.98169
-24.2282
-18.3408
-61.1615
-1.51942
12.0331
-9.56687
-101.207
4.34613
112.118
-148.104
-30.4262
48.8343
35.0318
-16.7381
43.2397
58.2774
3355.47
-69.2839
-23.7435
-68.2338
61.9883
798.398
-36.183
-710.344
99.0667
1.43124
75.8583
-3.02533
7.09289
-6.18791
36.2266
-90.0335
-6.59561
79.62
156.355
17.5115
-140.783
6.24522
4.42863
80.3633
-474.487
-299.073
-13.3583
-21.4842
-6.17747
-21.7482
236.724
-319.285
196.985
-30.9177
-19.4805
0.568828
23.5061
150.442
-48.8633
10.215
-133.984
-22.7019
-39.6952
-9.01112
27.2454
-11.6517
-65.7491
83.3249
-12.8892
-9.65811
119.017
15.0572
-236.858
-126.508
-0.729389
-35.4462
17.6005
-24.4111
9.55122
-60.2023
66.0579
10.0399
11.2827
-62.5699
161.015
6.19456
-19.9534
44.0583
-6.27066
-33.3163
-11.9573
-50.9208
-242.016
-41.0309
2.37451
-7.40589
-13.7679
-2.78373
20.6484
-115.877
19.9144
181.753
-23.5193
-45.7373
514.738
-124.497
-5.88371
-9.00373
11.4783
116.275
281.831
547.695
26.9504
-4.2832
516.928
1284.9
76.3485
-28.5867
-51.4237
-131.391
-115.206
-21.7336
-9.69075
125.14
8.62604
34.309
14.9696
-2.14383
-92.4478
-1.20623
36.2252
-12.945
-221.351
42.467
-18.0074
25.8108
335.496
119.861
17.4747
-2.94365
-20.2451
4.68652
-40.1891
16.936
-12.7318
-104.677
-41.2603
-191.456
-7.63764
288.138
14.2773
-17.9337
-4.32065
19.2674
124.227
-21.3338
6.64091
55.7789
-22.3349
-74.7824
72.4058
-161.221
152.43
-62.7945
83.7417
0.711916
122.188
-42.8218
-17.2683
-21.4293
1.50775
18.0612
66.1133
19.8158
-58.7785
-8.89237
6.70358
92.8951
366.963
71.7194
-28.5675
-55.9386
54.8329
45.2224
-12.4599
-523.529
-39.7264
-37.3087
-544.98
57.8369
-11.7976
57.4647
2.0053
103.278
389.148
-990.198
24.9901
-25.5548
5.72808
52.7267
-185.449
-26.4856
-0.906251
-6.91964
-434.609
24.3247
2.49577
9.78427
108.243
667.689
26.2541
104.631
-0.303055
471.826
27.7544
10.4639
96.9698
-10.2458
-169.842
0.229071
35.6736
24.3952
-26.6985
37.2053
36.9784
61.4123
13.4032
-106.676
-66.0972
12.99
163.854
-11.6329
134.885
3.96377
-20.9803
-4.18331
1.00944
5.6231
-27.1252
-15.8177
-5.91095
-31.8942
92.9195
21.9564
14.976
44.1948
-572.941
41.556
-30.3908
-107.089
215.735
114.845
4.41381
-18.8145
37.4305
-152.757
-39.9582
-27.7682
-71.2404
18.0668
-11.3374
-1.57718
56.8828
5.54351
15.615
2.46907
61.8241
77.8584
-11.5916
31.2381
50.462
291.1
-28.6696
-33.6588
-8.221
31.4799
96.5779
23.62
-28.313
83.1874
47.4498
13.0012
-4.87337
-940.859
4.42765
-9.67994
-39.7964
43.5333
-1848.73
-1.93458
38.5665
0.463884
5.01477
13.3149
246.343
0.347594
25.1653
-89.5883
51.5234
-1.5062
20.1806
-0.116798
-24.622
5.08355
-175.904
1.55845
79.0885
-2.82466
-367.497
32.9378
119.641
14.6747
120.589
-61.3373
-6.7421
19.9828
14.8127
708.983
-59.473
-10.9519
89.6911
35.4515
13.6491
-148.549
-1408.87
-15.354
-42.8325
94.9846
-80.4809
2.3869
-5.02213
26.7883
-72.0736
42.009
-37.0669
105.657
74.3294
54.9874
-11.8768
-82.7133
-8.76439
378.881
28.0742
-46.092
-5.25252
-8.7914
-28.6985
23.0318
-3.7388
33.2135
25.4251
-231.847
-39.6365
35.0873
-75.2289
-38.5044
-75.7903
-5.94971
-78.3829
-1183.06
113.83
-27.7624
-66.0439
-43.3377
-110.62
-6.23207
-153.022
-25.4318
12.7397
-39.7404
-22.0772
-4.55054
-110.537
-886.236
25.3524
-58.576
40.8125
-23.7544
-22.6662
12.6084
39.8944
-4.72142
12.3828
-295.683
5.13508
-4.71886
-42.4765
-121.381
-59.2653
22.9569
113.61
323.736
16.3337
-472.481
-7.54505
-19.5528
-69.2448
13.8993
-143.909
-39.8816
16.7621
65.0587
20.8466
-72.0171
50.5262
-50.3785
43.2514
-28.0781
9.98365
8.06296
-88.4585
18.7927
-6.13681
-25.2593
3.51882
8.47925
22.6401
-42.9964
378.945
292.779
59.1514
124.958
-50.1669
609.708
-109.654
12.9166
-392.299
48.8464
-12.904
79.9897
-0.947539
-180.392
-4.75827
-245.136
-11.6435
-8.1139
0.72903
43.251
2.54618
-117.518
20.4844
21.6444
31.0872
7.4918
-167.736
34.677
17.761
30.979
-314.255
11.3341
-57.8031
95.8411
21.2262
21.4904
30.6161
74.8633
32.6566
-526.583
-89.0636
25.1933
-37.1181
-12.2303
67.5943
1.53221
-2.64873
38.9522
-4.07674
13.2841
-31.8894
-47.006
1158.33
34.7255
30.943
24.3444
243.82
-55.9912
1.68996
-19.6614
-3.92293
-41.335
19.7944
17.0067
-54.392
-19.1348
28.8695
-16.291
-2.88537
-5.9322
-3.79368
11.3261
1451.14
-3.10929
-12.1851
10.9893
-26.5258
-211.529
58.0739
-48.4589
-19.3528
26.8325
32.7179
-2288.93
-2714.52
-9.30729
60.2738
368.657
19.4668
-29.2662
-13.7343
35.5209
-65.6754
22.6007
138.568
73.0071
37.8274
17.2227
174.038
46.9929
12.6456
87.9946
-85.8487
27.7033
85.3426
65.5929
25.6699
26.0386
22.8246
-46.2016
4.52018
-60.3219
20.9767
-37.2024
-71.5844
-105.002
-29.9639
-32.7836
67.1692
224.721
-15.7387
-55.6164
2.36691
-11.813
-8.87713
25.3509
21.5176
1203.02
-19.6352
-92.3894
-12.2085
125.033
-74.8276
-207.534
-219.862
-31.7238
6.78713
33.5258
10.751
8.45855
-71.1417
-1.07187
8.54912
125.525
21.2295
39.9771
39.3394
15.3438
-12.8519
16.6003
-160.649
73.4457
-4.86648
-53.2163
-16.6784
-99.3173
2.35439
-105.263
12.127
15.6445
42.525
10.333
-25.3894
-63.2555
-2.2723
-54.6912
-22.1005
57.5435
11.836
4.13978
-0.799258
-41.0966
455.234
197.149
123.092
147.603
-18.5433
-363.069
40.2744
-37.0279
-61.4727
-22.1045
-12.5306
330.067
-14.3294
107.105
-13.2959
-4.8373
-69.2412
-15.8399
9.37365
-5.09421
2.56801
111.985
-66.6207
-24.3021
8.00068
-50.762
25.3049
-56.6295
28.4276
-1866.07
-79.989
-18.4443
-98.9369
-52.9161
-69.6264
40.4731
28.0624
-12.825
18.7462
-90.3327
-5.39824
52220.7
45.0191
-14.7387
29.2375
-33.8544
-3.99108
-23.7411
-47.2732
-8.0466
-307.118
18.6582
-23.3497
-57.9681
-13.5637
773.995
-11.8336
-84.5354
-20.263
-68.802
24.6177
243.591
11.7548
-63.9901
-2.25873
34.8787
-2.7277
-198.469
-63.4775
-17.4087
88.3303
-7.21105
7.43393
-140.002
16.6459
-9.45375
59.0199
32.9404
-102.405
38.1839
-12.5114
29.5209
-10.1975
-24.8771
-131.588
32.5568
174.073
118.333
-210.585
-29.5184
-6.18467
58.753
71.7638
27.8798
-2852.07
-27.442
-26.7078
-33.8341
45.3693
17.5854
-6.70988
7.92637
-52.9151
43.5177
-16.3701
-3.15985
1626.6
6.68488
-26.3093
23.6354
-46.8954
-31.96
71.8011
-64.5716
-7.70057
-2.09992
-10.5282
-966.349
12.4534
-68.952
15.9504
-1.36961
8.15843
0.152706
-4.54561
39.4622
62.0064
-4056.36
195.702
-3.17559
13.5539
65.4944
10.5515
-34.3326
44.7866
9.81348
1203.68
18.9551
-54.8464
23.154
-30.525
112.999
1.26041
-8.60749
-38.0061
42.3717
83.1186
1.47563
76.0505
11.9893
-158.75
-9.05441
-15.6387
-48.6155
60.7375
-48.0072
25.3623
31.4101
-75.3112
121.721
-10.0108
-50.9759
-83.4126
5.05321
268.417
-0.877753
177.204
12.1605
-440.576
-4.69346
-45.8745
50.7765
-52.1037
-125.33
244.401
-0.986139
-425.44
-603.86
9.36909
-10.1255
3.93913
48.8156
-12.933
-16.1411
-199.906
-26.0453
-45.8778
8.85601
-36.2576
-728.79
4.15663
3.93807
179.558
22.525
22.5426
21.3045
29.7877
71.7503
61.1107
20.2504
26.3936
-41.2734
156.937
57.7778
-7.08001
52.1906
11.0554
-7.74645
-9.18015
6.49359
19.0265
-17.4755
-43.5886
-4.478
296.335
63.732
6.22759
-100.638
-206.374
20.8961
-790.737
65.7215
-89.2832
334.64
41.211
30.012
-9.17234
34.1429
24.478
-4733.12
46.0746
-65.2347
31.9772
-54.715
-28.8331
190.808
-3.19081
34.0027
-939.77
2.01345
-29.2775
17.4291
-26.9875
1.18821
-6.27523
-214.299
-106.065
20.1561
-15.5898
-6.8915
196.889
2.66284
16.3314
-117.657
14.2667
-27.5058
18.6412
12.0367
-40.6776
32.0932
-0.370226
44.8201
15.6717
-50.5787
-17.3548
-34.1172
51.4028
0.371528
13.6552
86.2203
-36.7968
-52.3365
-125.415
-204.369
-1.34894
68.9274
-5.95519
-24.8517
10.2949
5.44517
12.1433
4.8186
-4.23397
-274.943
-20.0477
10.8051
-18.5979
14.5039
-5181.07
21.1618
-50.1529
-140.114
153.418
-24.3181
-79.9756
-21.3257
-10.1885
-8.68051
-17.0104
-19.1778
88.3842
18.0822
-31.4025
113.646
-10.7704
-28.6975
-3.41177
-56.2833
15.4774
-20.9255
-23.7433
22.6747
-3.32923
-365.26
-49.8972
25.6548
49.2615
-52.2824
-34.7926
-104.03
-5.84759
192.784
436.836
-64.9026
-52.7757
8.10116
-23.3568
-25.8769
143.891
-116.311
28.1506
30793
-6.05508
45.3262
9.50321
16.8987
-37.3026
347.08
-111.222
113.394
5.96907
-12.7895
19.3557
-40.3122
17.7005
107.826
-2.87668
-92.2596
-28.8822
67.5823
446.768
33.6259
30.1821
19.2565
-8.05234
-14.108
-7.91496
-19.1226
-49.7337
253.501
-6.67215
26.636
91.5903
76.368
-71.0628
9.27608
10.8198
-5.48098
9.19146
-239.13
-9.47681
30.9021
26.7653
-15.1608
-6.32889
-117.162
183.254
38.4054
20.3256
-34.1924
30.7193
-298.126
19.603
90.2463
-14.0161
-8.42991
34.1278
-1852.5
-20.7366
6.17615
-24.1212
-320.421
-55.9896
-10.2075
12.9477
-493.477
-61.2421
13.0296
-54.3218
-6.1103
12.1936
89.3173
-13.6796
-113.561
29.8903
-46.6818
-83.5403
43.5406
-15.1966
-252.479
-2.84497
-2.52336
-1.41029
-23.125
-29.5234
-1510.04
-17.4449
-17.5131
-8.52799
0.830002
-25.3645
-84.3188
22.6138
4.57034
31.3951
-22.993
-12.4229
22.3833
-25.4503
15.7932
20.3344
27.7584
-18.8868
10.3912
5.24916
152.397
-36.0595
-27.1764
26.6898
-7.39825
7.06924
-84.988
2.26257
-24.3611
24.6574
65.1131
10.7841
-61.0017
-101.095
-20.4353
6.3
28.8104
109.723
51.3256
-336.732
79.0709
-9.44748
21.1658
61.0144
39.2828
-23.4858
-164.71
34.9643
2.98195
6.08644
-29.3919
-14.1741
-12.6791
-87.4495
27.5998
-54.0123
-166.622
-35.3061
91.1266
38.8877
62.756
-21314.6
78.5603
44.7648
44.8722
1889.69
-0.38589
-796.777
151.163
-12.3584
-25.4254
-133.376
207.618
13.9776
-340.968
142.702
42.5586
-25.9147
-24.6283
156.276
-5.79062
-7.31382
-53.8948
6.57057
53.9708
-88.1048
-18.3463
105.728
24.871
-17.5887
45.6711
94.3075
25.0135
-58.4821
-7.64653
62.5639
17.454
231.103
23.2261
-38.4498
-184.214
19.7289
-2.60736
265.606
-36.542
-3.63528
-28.4344
-6.18587
2.43936
-63.9048
14.5134
76.6398
98.5564
-32.0292
23.3645
4.2674
16.5083
-1.12392
12.7842
170.828
242.194
8.71245
90.1418
687.796
-7.23334
54.0994
18.4274
-151.835
269.811
-25.1568
-167.761
-87.649
1007.63
-26.1523
-37.0858
-162.802
-820.99
-12.8396
9.52446
-3735.15
-16.4515
-6.42307
51.6417
220.986
-6.23013
4887.74
2.90368
-5.17223
32.6762
-44.6984
-299.425
32.1716
27.1067
-7.69696
-2.00541
-3.11829
-1089.84
-18.5421
-17.3956
8.46623
55.3401
13.2917
60.604
3.10814
61.4466
-26.2451
-143.087
-75.093
22.9332
-143.555
4095.39
34.5803
0.264046
-98.5203
127.613
1033.1
4938.2
222.23
-14.1365
-233.919
112.222
49.3531
12.0511
7.61135
-283.035
25.1969
-46.426
-90.4094
-25.286
-49.727
44.5509
11.3528
23.7791
-10.179
2549.4
3277.86
-5.68937
18.789
-21.2983
-7.49774
148.858
26.8185
-8.73593
42.242
-1.83423
-3.88782
40.7918
21.1198
-10.2588
-69.0568
-21.9413
14.1805
1.42099
41.1346
1.46094
-46.9682
-47.2383
-12.5785
35.9896
-47.5168
-45.3089
33.2519
-58.3691
-38.1935
52.0664
38.9129
14.3798
22.1901
13.6955
60.8158
4.33715
-2.14731
-29.0075
266.849
14.4845
53.612
-18.9871
-125.807
-68.7105
34.0528
-4.77913
69.2474
-11.2545
0.297888
3.35375
-40.2193
-19.9994
124.167
-29.4164
6.6661
4.02924
-48.8014
-361.014
-20.3046
-3.34847
-63.5097
-7.73765
-6.10373
21.8228
77.7642
17.5971
1918.25
-1782.87
-12.2563
15.611
21.0269
17.3152
-22.2173
21.5624
-11.1358
13.3488
-125.206
-2.57985
-850.083
-47.1892
-17.4375
-58.5116
-849.547
-34.1395
35.6822
54.5428
-38.5334
-105.411
-9.29091
-63.7355
-37.7418
52.1287
47.4332
2.32346
33.1527
-3.94555
-96.1952
11.7369
40.453
-32.9842
-7.49956
-52.2859
-66.0601
28.2882
-41.926
-10.5277
-284.882
-628.705
2.85889
0.652688
48.2212
20.2172
785.231
1.49523
47.4811
91.8907
-29.4655
96.7812
31.5473
-2.00683
-0.536015
-2.52053
10.5608
28.3412
-34.6123
-0.625305
1347.2
-18.418
-106.299
28.2116
349.714
12.0594
42.3758
-11.4001
13.9323
-16.2648
21.9461
-11389.2
51.8794
39.131
38.2408
-6.98428
12.0583
113.892
-101.676
-11.2499
-85.5445
12.0573
-19.1047
14.4665
-18.3664
114.439
-363.726
-3.47486
-11.8808
-13.6434
-22.4175
-69.8083
41.3983
-12.485
3.67661
-33.3787
-17.5579
19.1024
14.1361
-107.035
-12.7343
56.9204
-67.4205
1.47674
1210.56
34.0335
-1199.71
107.114
-28.0584
204.463
27.9026
21.4692
-211.712
-4.04093
-13.6168
7.17204
70.8662
18.1458
-52.3042
177020
6.70935
49.0862
-55.1369
44.6876
8.35232
0.742232
5.78548
34.6924
-110.95
-80.9478
8575.64
-217.632
28.0367
-58.8139
-66.6006
57.821
-135.05
-9.78595
-32.2801
-120.671
-390.806
-0.632765
18.4449
40.0575
8.93184
-26.8255
-17.6348
196.751
-36.9389
-48.6392
5.09482
28.3961
6.87606
-134.966
6.01122
44.512
-13.6354
0.876075
14.3098
-15.2711
154.412
-38.5622
-93.6466
-5.30095
31.6904
67.748
252.614
-122.517
-76.5125
15.3097
330.603
127.694
40.7747
-16.7878
-49.4453
-67.6465
-27.9899
49.6221
-7.92097
41.2581
-0.401337
-17.7231
657.786
26.4186
-37.2043
111.097
37.9715
13.0703
42.7054
-16.2673
-1.84854
7.25116
31.8981
19.1859
-49.7171
-37.1467
-13.5974
140.017
178.107
-607.448
-8.66562
10.1714
-66.8676
17.4126
50.823
-83.797
-50.8838
7.70393
23.0153
-25.5596
41.0604
13.0806
276.787
51.1781
-32143.6
114.851
-13.3678
-25.9896
677.324
-8.74849
53.0597
56.2403
26.2586
185.972
30.9224
-8.09344
-70.7701
-114.843
1.84951
-1.10675
59.8088
-2.07236
103.13
-9.50425
17.2711
-7.26799
2.26417
65.7455
23.8701
36.2168
-29.2344
-29.9216
-4.56841
-28.0752
-47.7571
-4.13824
125.525
1.92842
-119.187
4016.1
-61.9771
17.1617
18.3562
-22.9081
20.3219
0.481597
-62.3886
14.5675
452.863
-16.1784
-28.1365
184.594
1.04758
-11.2269
-4.02004
-4.08814
112.71
-7.62383
90.5691
-43.046
48.9755
-85.0051
43.3864
36.2178
-12.2606
-18.8329
50.8288
91.8645
-71.4199
-34.8323
-87.9468
-42.3992
-33.0348
-23.2889
-13.3004
13.4457
1477.3
0.849199
42.5659
41.0513
40.4067
37.2886
33.2305
104.02
-41.7459
-112.113
-1.49012
3.07928
-39.7446
60.5508
-20.1384
21.8715
-0.779277
17.8174
-16.4627
-0.416807
-70.0176
28.4266
22.7509
-2.54259
-21.0523
-40.7995
-44.4315
13.4361
117.734
-21.4932
-12.508
-51.4974
0.0529832
25.2684
51.8483
74.7019
6.86783
-16.6274
35.7553
-6.78294
3.29398
-16.2185
66.3895
132.835
-16.7336
10.337
-343.681
-32.1969
-142.536
-15842.5
-46.1652
-6.43987
-29.4489
41.7996
-22.1206
19.8071
161.899
-31.61
15.9152
45.752
53.6345
-764.343
-94.4892
19103
55.5563
8.49634
-18.5417
82.0271
-20.0754
194.326
1.40959
-44.4236
-4.76435
5.81356
-57.8114
117.544
-67.0356
30.9911
-6.37034
93.7956
62.989
169.339
-140.544
10.615
19.1129
-10.9675
-59.9662
-0.378793
-88.2114
-2.56203
-38.7495
81.4656
-39.2287
-44.3353
-3.00256
-12.5896
-39.9496
31.5045
-58.4578
14.2015
39.3273
-76.0252
-16.0264
-77.0139
-21.4157
-116.782
45.808
24.6227
-53.9181
17.5484
-48.9221
4.19659
-14.6703
-270.065
7.05363
215.746
-59.832
57.3725
28.3046
-538.063
-167.887
-25.1228
-33.4092
2.94133
-19.7695
-21.2264
1003.74
-11.9623
-13.569
64.494
-11.5472
15.4077
11.1365
11.0451
-8.6908
-48.6145
31.6689
-196.325
-294.771
4.96927
3.1032
-20.8808
80.3812
1938.57
1026.27
7.2171
116.201
-57.004
215.663
1405.18
-19.4477
90.9819
-20.8482
-497.878
0.750349
-42.51
-59.4593
12.2712
104.585
-32.837
51.8399
-3.82248
53.7681
-46.753
-26.5217
57.2287
10.9511
-161.988
-20.9115
36.772
-25.0076
-37.5382
6.6094
-85.9341
-99.9635
-8.48566
173.734
2.19597
-269.977
195.508
-9.99549
330.238
105.85
9.25477
48.6726
-11.3323
10.7599
-2.91965
12.8665
2.51404
-72.7575
-41.2157
1.14449
10.9788
9.70546
-28.4405
-8.04682
-38.2626
42.1073
-0.25166
-374.257
1.05888
-7.98872
109.648
54.3355
46.8722
16.6041
138.503
-110.025
-17.2497
56.9125
-102.179
-417.518
-61.4616
7.64234
122.297
-26.4883
-16.5525
-4.40147
-77.3894
-69.1887
-10.2646
25.1736
16.8507
12.5098
129.537
28.3036
107.956
-32.5615
-15.8566
-1059.62
-54.6073
0.484445
20.3872
131.107
-20.9678
21.9422
-6.62853
-22.624
4.20072
525.669
-12.5065
5.53594
-44.3082
40.0842
14.1736
1.25062
0.163748
-3876.68
-113.175
-64.3343
53.5065
-42.0155
-2.38079
-42.0901
14.9538
26.6239
162.998
-32.4018
21.6208
2.48258
53.4522
5.12799
-16.9723
-43.975
-58.8015
-14.7629
-15.8241
26.3958
-14.2556
59.8604
-14.0165
19.8964
4.67726
-32.417
56.1689
26.7331
16.348
-43.9029
-79.155
-45.8727
173.994
-279.138
-4.00981
16.0088
-0.132416
-40.314
5.89173
-17.7691
40.1429
-15.1838
59.006
99.5743
-98.0309
-147.77
-469.978
5.00868
-7.4173
70.5126
13.3126
142.193
11.0389
42.0519
348.607
-47.0828
-153.935
-64.6811
-2450.92
-95.0923
-176.526
-168.575
62.2865
-558.142
13.5796
-52.1708
-3.45281
18.8195
-6.16233
-2.52008
16.1063
-0.322365
41.0393
7.3706
69.762
-10.8441
11.8628
11.7593
-160.541
-27.6628
-6.57059
-0.0489226
49.6347
-79.3999
32.5396
33.4629
179.565
15.8191
2.92245
44.0617
52.7449
-10.3495
-39.6305
29.8078
-51.2254
798.888
23.5127
25.4439
-10.1992
-66.5102
-1.35182
-5.23929
56.9204
-468.131
-369.292
59.0381
-2.82186
913.991
-6287.14
-227.933
17.8462
-1.92616
-6.35578
1201.11
-96.0394
-10.9776
59.0592
69.8193
-33.1373
-76.7672
84.4674
1075.11
-77.7151
10.0436
76.322
78.1986
20.085
31.2881
-69.6628
345.728
63.1517
-20.8411
4.08826
7.69038
9.39695
-252.24
38.5944
-1.2993
